Time;Seconds from start for linreg;Unix Time;ch1 po2;ch2 po2;ch3 po2;ch4 po2;
13:52:31;-1.0;1659325952;99.446;99.423;98.344;98.83;
13:52:32;0.0;1659325953;99.458;99.442;98.358;98.818;
13:52:33;1.0;1659325954;99.452;99.439;98.347;98.843;
13:52:34;2.0;1659325956;99.453;99.405;98.355;98.831;
13:52:35;3.0;1659325957;99.465;99.396;98.313;98.835;
13:52:36;4.0;1659325958;99.478;99.365;98.302;98.796;
13:52:38;6.0;1659325959;99.478;99.353;98.26;98.837;
13:52:39;7.0;1659325960;99.399;99.313;98.268;98.816;
13:52:40;8.0;1659325961;99.354;99.313;98.261;98.853;
13:52:41;9.0;1659325962;99.343;99.289;98.323;98.851;
13:52:42;10.0;1659325963;99.358;99.286;98.279;98.815;
13:52:43;11.0;1659325964;99.367;99.273;98.235;98.786;
13:52:44;12.0;1659325966;99.305;99.261;98.169;98.756;
13:52:46;14.0;1659325967;99.32;99.237;98.149;98.748;
13:52:47;15.0;1659325968;99.273;99.194;98.124;98.688;
13:52:48;16.0;1659325969;99.303;99.191;98.057;98.637;
13:52:49;17.0;1659325970;99.256;99.195;98.03;98.611;
13:52:50;18.0;1659325971;99.253;99.201;98.024;98.572;
13:52:51;19.0;1659325972;99.277;99.168;98.073;98.558;
13:52:52;20.0;1659325974;99.322;99.14;98.068;98.552;
13:52:53;21.0;1659325975;99.322;99.116;97.987;98.55;
13:52:55;23.0;1659325976;99.266;99.079;97.892;98.515;
13:52:56;24.0;1659325977;99.228;99.048;97.834;98.477;
13:52:57;25.0;1659325978;99.229;99.036;97.85;98.451;
13:52:58;26.0;1659325979;99.2;99.049;97.844;98.407;
13:52:59;27.0;1659325980;99.186;99.062;97.772;98.372;
13:53:00;28.0;1659325982;99.154;99.034;97.737;98.301;
13:53:01;29.0;1659325983;99.19;99.034;97.689;98.286;
13:53:03;31.0;1659325984;99.178;98.986;97.696;98.238;
13:53:04;32.0;1659325985;99.167;98.992;97.649;98.233;
13:53:05;33.0;1659325986;99.079;98.937;97.537;98.241;
13:53:06;34.0;1659325987;99.059;98.953;97.495;98.193;
13:53:07;35.0;1659325988;99.065;98.932;97.416;98.203;
13:53:08;36.0;1659325990;99.084;98.874;97.467;98.149;
13:53:09;37.0;1659325991;99.04;98.838;97.436;98.139;
13:53:11;39.0;1659325992;98.99;98.77;97.499;98.073;
13:53:12;40.0;1659325993;98.947;98.758;97.462;98.007;
13:53:13;41.0;1659325994;98.912;98.681;97.379;98.023;
13:53:14;42.0;1659325995;98.91;98.654;97.293;98.03;
13:53:15;43.0;1659325996;98.946;98.652;97.223;98.073;
13:53:16;44.0;1659325997;98.938;98.68;97.162;98.041;
13:53:17;45.0;1659325999;98.867;98.662;97.091;98.042;
13:53:19;47.0;1659326000;98.835;98.61;97.095;97.995;
13:53:20;48.0;1659326001;98.857;98.592;97.118;97.941;
13:53:21;49.0;1659326002;98.887;98.608;97.026;97.9;
13:53:22;50.0;1659326003;98.828;98.62;97.008;97.882;
13:53:23;51.0;1659326004;98.799;98.584;97.003;97.909;
13:53:24;52.0;1659326006;98.752;98.544;97.021;97.823;
13:53:25;53.0;1659326007;98.823;98.557;96.898;97.761;
13:53:27;55.0;1659326008;98.785;98.52;96.836;97.672;
13:53:28;56.0;1659326009;98.795;98.472;96.848;97.682;
13:53:29;57.0;1659326010;98.707;98.423;96.891;97.716;
13:53:30;58.0;1659326011;98.684;98.405;96.83;97.716;
13:53:31;59.0;1659326012;98.62;98.381;96.8;97.717;
13:53:32;60.0;1659326014;98.612;98.345;96.72;97.681;
13:53:33;61.0;1659326015;98.621;98.327;96.731;97.644;
13:53:35;63.0;1659326016;98.598;98.315;96.679;97.636;
13:53:36;64.0;1659326017;98.578;98.293;96.613;97.582;
13:53:37;65.0;1659326018;98.538;98.26;96.516;97.571;
13:53:38;66.0;1659326019;98.518;98.261;96.475;97.53;
13:53:39;67.0;1659326020;98.481;98.24;96.515;97.533;
13:53:40;68.0;1659326021;98.388;98.237;96.497;97.533;
13:53:41;69.0;1659326023;98.389;98.201;96.484;97.518;
13:53:43;71.0;1659326024;98.285;98.177;96.427;97.51;
13:53:44;72.0;1659326025;98.288;98.137;96.373;97.517;
13:53:45;73.0;1659326026;98.269;98.119;96.288;97.455;
13:53:46;74.0;1659326027;98.316;98.138;96.181;97.405;
13:53:47;75.0;1659326028;98.293;98.145;96.176;97.302;
13:53:48;76.0;1659326029;98.243;98.123;96.147;97.31;
13:53:49;77.0;1659326031;98.218;98.053;96.182;97.248;
13:53:50;78.0;1659326032;98.209;98.038;96.178;97.231;
13:53:52;80.0;1659326033;98.178;98.029;96.197;97.212;
13:53:53;81.0;1659326034;98.147;98.011;96.18;97.219;
13:53:54;82.0;1659326035;98.112;97.942;96.139;97.232;
13:53:55;83.0;1659326036;98.043;97.906;96.086;97.202;
13:53:56;84.0;1659326037;97.998;97.906;96.028;97.182;
13:53:57;85.0;1659326039;97.984;97.891;96.007;97.153;
13:53:58;86.0;1659326040;97.987;97.879;96.004;97.127;
13:54:00;88.0;1659326041;97.996;97.852;95.984;97.119;
13:54:01;89.0;1659326042;97.944;97.85;95.889;97.079;
13:54:02;90.0;1659326043;97.925;97.841;95.792;97.03;
13:54:03;91.0;1659326044;97.858;97.811;95.725;96.989;
13:54:04;92.0;1659326045;97.859;97.775;95.76;96.931;
13:54:05;93.0;1659326047;97.845;97.724;95.767;96.917;
13:54:06;94.0;1659326048;97.822;97.688;95.793;96.87;
13:54:07;95.0;1659326049;97.756;97.667;95.754;96.856;
13:54:09;97.0;1659326050;97.693;97.646;95.701;96.821;
13:54:10;98.0;1659326051;97.68;97.588;95.683;96.801;
13:54:11;99.0;1659326052;97.66;97.558;95.68;96.771;
13:54:12;100.0;1659326053;97.652;97.51;95.669;96.71;
13:54:13;101.0;1659326054;97.63;97.538;95.588;96.686;
13:54:14;102.0;1659326055;97.619;97.529;95.52;96.643;
13:54:15;103.0;1659326057;97.625;97.505;95.484;96.609;
13:54:17;105.0;1659326058;97.576;97.482;95.459;96.533;
13:54:18;106.0;1659326059;97.548;97.473;95.37;96.464;
13:54:19;107.0;1659326060;97.462;97.482;95.358;96.452;
13:54:20;108.0;1659326061;97.457;97.471;95.28;96.409;
13:54:21;109.0;1659326062;97.469;97.423;95.366;96.439;
13:54:22;110.0;1659326063;97.47;97.395;95.343;96.416;
13:54:23;111.0;1659326065;97.447;97.335;95.382;96.365;
13:54:25;113.0;1659326066;97.344;97.326;95.267;96.298;
13:54:26;114.0;1659326067;97.321;97.308;95.218;96.246;
13:54:27;115.0;1659326068;97.259;97.336;95.183;96.303;
13:54:28;116.0;1659326069;97.251;97.304;95.197;96.272;
13:54:29;117.0;1659326070;97.234;97.283;95.121;96.182;
13:54:30;118.0;1659326071;97.24;97.201;95.148;96.095;
13:54:31;119.0;1659326073;97.263;97.189;95.072;96.061;
13:54:32;120.0;1659326074;97.209;97.211;95.098;96.077;
13:54:34;122.0;1659326075;97.21;97.196;94.975;96.069;
13:54:35;123.0;1659326076;97.128;97.166;95.003;96.067;
13:54:36;124.0;1659326077;97.148;97.128;94.969;96.111;
13:54:37;125.0;1659326078;97.074;97.128;94.95;96.089;
13:54:38;126.0;1659326080;97.08;97.122;94.876;96.045;
13:54:39;127.0;1659326081;97.069;97.062;94.828;95.949;
13:54:40;128.0;1659326082;97.082;97.044;94.847;95.924;
13:54:42;130.0;1659326083;97.077;97.005;94.779;95.905;
13:54:43;131.0;1659326084;97.011;96.978;94.758;95.873;
13:54:44;132.0;1659326085;96.966;96.946;94.695;95.83;
13:54:45;133.0;1659326086;96.96;96.931;94.761;95.837;
13:54:46;134.0;1659326087;96.964;96.928;94.739;95.858;
13:54:47;135.0;1659326088;96.971;96.941;94.697;95.882;
13:54:48;136.0;1659326090;96.925;96.96;94.605;95.837;
13:54:50;138.0;1659326091;96.869;96.936;94.513;95.794;
13:54:51;139.0;1659326092;96.794;96.894;94.512;95.728;
13:54:52;140.0;1659326093;96.738;96.828;94.484;95.726;
13:54:53;141.0;1659326094;96.684;96.823;94.486;95.674;
13:54:54;142.0;1659326096;96.697;96.799;94.436;95.669;
13:54:55;143.0;1659326097;96.657;96.805;94.354;95.618;
13:54:56;144.0;1659326098;96.669;96.748;94.347;95.567;
13:54:58;146.0;1659326099;96.615;96.707;94.268;95.469;
13:54:59;147.0;1659326100;96.628;96.662;94.273;95.395;
13:55:00;148.0;1659326101;96.58;96.687;94.206;95.406;
13:55:01;149.0;1659326102;96.579;96.693;94.186;95.402;
13:55:02;150.0;1659326103;96.522;96.699;94.18;95.383;
13:55:03;151.0;1659326104;96.503;96.651;94.137;95.303;
13:55:04;152.0;1659326106;96.472;96.637;94.123;95.298;
13:55:05;153.0;1659326107;96.438;96.586;94.056;95.258;
13:55:07;155.0;1659326108;96.392;96.571;94.029;95.233;
13:55:08;156.0;1659326109;96.311;96.565;93.965;95.178;
13:55:09;157.0;1659326110;96.297;96.563;93.91;95.134;
13:55:10;158.0;1659326111;96.324;96.536;93.81;95.135;
13:55:11;159.0;1659326112;96.321;96.501;93.822;95.102;
13:55:12;160.0;1659326113;96.321;96.45;93.761;95.062;
13:55:13;161.0;1659326115;96.268;96.429;93.782;95.002;
13:55:15;163.0;1659326116;96.226;96.393;93.693;94.948;
13:55:16;164.0;1659326117;96.175;96.415;93.737;94.935;
13:55:17;165.0;1659326118;96.179;96.418;93.72;94.918;
13:55:18;166.0;1659326119;96.143;96.431;93.673;94.894;
13:55:19;167.0;1659326120;96.095;96.374;93.642;94.921;
13:55:20;168.0;1659326122;96.042;96.356;93.635;94.904;
13:55:21;169.0;1659326123;96.057;96.323;93.639;94.853;
13:55:23;171.0;1659326124;96.018;96.324;93.522;94.805;
13:55:24;172.0;1659326125;96.021;96.297;93.492;94.777;
13:55:25;173.0;1659326126;95.993;96.28;93.434;94.792;
13:55:26;174.0;1659326127;96.028;96.289;93.441;94.784;
13:55:27;175.0;1659326128;96.023;96.289;93.368;94.782;
13:55:28;176.0;1659326130;96.032;96.278;93.368;94.714;
13:55:29;177.0;1659326131;96.024;96.26;93.329;94.654;
13:55:31;179.0;1659326132;95.937;96.21;93.294;94.595;
13:55:32;180.0;1659326133;95.884;96.165;93.253;94.61;
13:55:33;181.0;1659326134;95.822;96.118;93.212;94.608;
13:55:34;182.0;1659326135;95.833;96.1;93.217;94.583;
13:55:35;183.0;1659326136;95.765;96.119;93.152;94.569;
13:55:36;184.0;1659326137;95.763;96.116;93.14;94.527;
13:55:37;185.0;1659326139;95.724;96.069;93.084;94.513;
13:55:38;186.0;1659326140;95.764;96.048;93.035;94.468;
13:55:40;188.0;1659326141;95.767;96.03;92.983;94.474;
13:55:41;189.0;1659326142;95.754;96.054;92.943;94.458;
13:55:42;190.0;1659326143;95.69;95.98;92.932;94.458;
13:55:43;191.0;1659326144;95.667;95.945;92.913;94.367;
13:55:44;192.0;1659326145;95.688;95.915;92.828;94.356;
13:55:45;193.0;1659326147;95.722;95.978;92.806;94.346;
13:55:46;194.0;1659326148;95.683;95.979;92.703;94.372;
13:55:48;196.0;1659326149;95.641;95.95;92.673;94.319;
13:55:49;197.0;1659326150;95.588;95.884;92.606;94.294;
13:55:50;198.0;1659326151;95.541;95.876;92.595;94.251;
13:55:51;199.0;1659326152;95.531;95.876;92.593;94.232;
13:55:52;200.0;1659326154;95.568;95.867;92.585;94.16;
13:55:53;201.0;1659326155;95.572;95.82;92.587;94.098;
13:55:54;202.0;1659326156;95.553;95.788;92.557;94.117;
13:55:56;204.0;1659326157;95.525;95.74;92.538;94.141;
13:55:57;205.0;1659326158;95.489;95.752;92.474;94.143;
13:55:58;206.0;1659326159;95.436;95.735;92.423;94.066;
13:55:59;207.0;1659326160;95.374;95.741;92.365;94.027;
13:56:00;208.0;1659326161;95.38;95.712;92.41;94.036;
13:56:01;209.0;1659326162;95.33;95.695;92.374;94.021;
13:56:02;210.0;1659326164;95.357;95.686;92.362;93.969;
13:56:04;212.0;1659326165;95.338;95.665;92.28;93.93;
13:56:05;213.0;1659326166;95.358;95.642;92.277;93.902;
13:56:06;214.0;1659326167;95.331;95.589;92.237;93.881;
13:56:07;215.0;1659326168;95.281;95.542;92.2;93.862;
13:56:08;216.0;1659326169;95.236;95.531;92.11;93.857;
13:56:09;217.0;1659326170;95.169;95.534;92.091;93.832;
13:56:10;218.0;1659326172;95.184;95.54;92.027;93.825;
13:56:11;219.0;1659326173;95.204;95.531;92.017;93.763;
13:56:13;221.0;1659326174;95.227;95.532;91.988;93.767;
13:56:14;222.0;1659326175;95.206;95.5;91.968;93.748;
13:56:15;223.0;1659326176;95.192;95.47;91.939;93.743;
13:56:16;224.0;1659326177;95.143;95.453;91.923;93.722;
13:56:17;225.0;1659326178;95.12;95.453;91.929;93.68;
13:56:18;226.0;1659326180;95.07;95.439;91.898;93.673;
13:56:19;227.0;1659326181;95.04;95.386;91.843;93.577;
13:56:21;229.0;1659326182;94.976;95.383;91.786;93.508;
13:56:22;230.0;1659326183;94.954;95.378;91.788;93.452;
13:56:23;231.0;1659326184;94.966;95.375;91.762;93.47;
13:56:24;232.0;1659326185;94.989;95.331;91.696;93.443;
13:56:25;233.0;1659326186;95.001;95.299;91.672;93.401;
13:56:26;234.0;1659326188;94.988;95.27;91.648;93.345;
13:56:27;235.0;1659326189;94.993;95.253;91.6;93.335;
13:56:29;237.0;1659326190;94.966;95.244;91.507;93.304;
13:56:30;238.0;1659326191;94.941;95.224;91.443;93.294;
13:56:31;239.0;1659326192;94.911;95.203;91.437;93.237;
