Time;Seconds from start for linreg;Unix Time;ch1 po2;ch2 po2;ch3 po2;ch4 po2;
12:27:30;-1.0;1659320851;99.266;99.036;98.046;98.728;
12:27:31;0.0;1659320852;99.269;98.992;98.027;98.703;
12:27:32;1.0;1659320853;99.296;98.956;98.073;98.732;
12:27:33;2.0;1659320854;99.32;98.906;98.096;98.702;
12:27:34;3.0;1659320855;99.297;98.91;98.099;98.709;
12:27:35;4.0;1659320857;99.256;98.892;98.093;98.681;
12:27:37;6.0;1659320858;99.209;98.88;98.083;98.676;
12:27:38;7.0;1659320859;99.224;98.834;98.022;98.68;
12:27:39;8.0;1659320860;99.278;98.806;97.99;98.668;
12:27:40;9.0;1659320861;99.284;98.803;97.957;98.618;
12:27:41;10.0;1659320862;99.319;98.825;97.982;98.564;
12:27:42;11.0;1659320864;99.269;98.807;97.97;98.54;
12:27:43;12.0;1659320865;99.284;98.78;97.9;98.572;
12:27:45;14.0;1659320866;99.24;98.743;97.859;98.555;
12:27:46;15.0;1659320867;99.3;98.737;97.795;98.504;
12:27:47;16.0;1659320868;99.247;98.731;97.831;98.442;
12:27:48;17.0;1659320869;99.244;98.704;97.831;98.41;
12:27:49;18.0;1659320870;99.183;98.698;97.848;98.414;
12:27:50;19.0;1659320872;99.222;98.658;97.802;98.418;
12:27:51;20.0;1659320873;99.154;98.631;97.738;98.393;
12:27:53;22.0;1659320874;99.172;98.595;97.658;98.343;
12:27:54;23.0;1659320875;99.166;98.584;97.554;98.314;
12:27:55;24.0;1659320876;99.214;98.572;97.492;98.297;
12:27:56;25.0;1659320877;99.232;98.554;97.423;98.274;
12:27:57;26.0;1659320879;99.194;98.511;97.427;98.206;
12:27:58;27.0;1659320880;99.148;98.478;97.419;98.192;
12:28:00;29.0;1659320881;99.083;98.43;97.397;98.164;
12:28:01;30.0;1659320882;99.066;98.381;97.409;98.168;
12:28:02;31.0;1659320883;99.058;98.351;97.354;98.116;
12:28:03;32.0;1659320884;99.061;98.33;97.3;98.081;
12:28:04;33.0;1659320885;99.064;98.284;97.208;98.05;
12:28:05;34.0;1659320886;99.059;98.248;97.208;98.038;
12:28:06;35.0;1659320888;98.992;98.212;97.202;98.009;
12:28:08;37.0;1659320889;98.951;98.237;97.149;97.962;
12:28:09;38.0;1659320890;98.919;98.167;97.143;97.928;
12:28:10;39.0;1659320891;98.925;98.131;97.134;97.908;
12:28:11;40.0;1659320892;98.915;98.092;97.12;97.876;
12:28:12;41.0;1659320894;98.889;98.105;97.105;97.812;
12:28:13;42.0;1659320895;98.886;98.081;97.025;97.759;
12:28:15;44.0;1659320896;98.889;98.036;96.987;97.688;
12:28:16;45.0;1659320897;98.904;98.0;96.858;97.698;
12:28:17;46.0;1659320898;98.917;97.969;96.823;97.693;
12:28:18;47.0;1659320899;98.861;97.936;96.77;97.686;
12:28:19;48.0;1659320900;98.818;97.903;96.731;97.63;
12:28:20;49.0;1659320902;98.765;97.876;96.654;97.593;
12:28:21;50.0;1659320903;98.748;97.834;96.623;97.561;
12:28:22;51.0;1659320904;98.754;97.788;96.548;97.523;
12:28:24;53.0;1659320905;98.772;97.774;96.558;97.488;
12:28:25;54.0;1659320906;98.785;97.765;96.487;97.469;
12:28:26;55.0;1659320907;98.756;97.762;96.482;97.419;
12:28:27;56.0;1659320908;98.698;97.741;96.358;97.39;
12:28:28;57.0;1659320909;98.689;97.73;96.36;97.323;
12:28:29;58.0;1659320910;98.649;97.712;96.3;97.35;
12:28:30;59.0;1659320912;98.635;97.658;96.32;97.291;
12:28:32;61.0;1659320913;98.597;97.612;96.204;97.286;
12:28:33;62.0;1659320914;98.636;97.567;96.2;97.204;
12:28:34;63.0;1659320915;98.657;97.506;96.164;97.184;
12:28:35;64.0;1659320916;98.623;97.489;96.161;97.159;
12:28:36;65.0;1659320917;98.579;97.49;96.105;97.136;
12:28:37;66.0;1659320918;98.495;97.512;96.064;97.072;
12:28:38;67.0;1659320920;98.522;97.469;96.044;97.022;
12:28:40;69.0;1659320921;98.499;97.424;96.04;97.02;
12:28:41;70.0;1659320922;98.494;97.389;95.982;97.021;
12:28:42;71.0;1659320923;98.427;97.383;95.919;97.019;
12:28:43;72.0;1659320924;98.412;97.341;95.847;96.969;
12:28:44;73.0;1659320926;98.431;97.32;95.854;96.958;
12:28:45;74.0;1659320927;98.428;97.245;95.794;96.905;
12:28:46;75.0;1659320928;98.414;97.222;95.716;96.85;
12:28:48;77.0;1659320929;98.397;97.172;95.652;96.789;
12:28:49;78.0;1659320930;98.377;97.145;95.654;96.767;
12:28:50;79.0;1659320931;98.369;97.076;95.653;96.753;
12:28:51;80.0;1659320932;98.316;97.043;95.535;96.733;
12:28:52;81.0;1659320933;98.264;97.005;95.417;96.721;
12:28:53;82.0;1659320934;98.203;96.987;95.326;96.677;
12:28:54;83.0;1659320936;98.195;96.97;95.34;96.675;
12:28:56;85.0;1659320937;98.187;96.952;95.291;96.643;
12:28:57;86.0;1659320938;98.181;96.892;95.264;96.639;
12:28:58;87.0;1659320939;98.179;96.824;95.183;96.578;
12:28:59;88.0;1659320940;98.185;96.797;95.21;96.541;
12:29:00;89.0;1659320942;98.185;96.798;95.167;96.493;
12:29:01;90.0;1659320943;98.168;96.76;95.17;96.482;
12:29:02;91.0;1659320944;98.145;96.688;95.141;96.45;
12:29:04;93.0;1659320945;98.102;96.646;95.085;96.413;
12:29:05;94.0;1659320946;98.112;96.605;95.048;96.378;
12:29:06;95.0;1659320947;98.118;96.566;94.952;96.352;
12:29:07;96.0;1659320948;98.078;96.528;94.949;96.321;
12:29:08;97.0;1659320949;97.997;96.514;94.917;96.334;
12:29:09;98.0;1659320951;97.957;96.527;94.928;96.296;
12:29:10;99.0;1659320952;98.001;96.515;94.878;96.276;
12:29:12;101.0;1659320953;98.004;96.486;94.828;96.203;
12:29:13;102.0;1659320954;97.996;96.412;94.792;96.251;
12:29:14;103.0;1659320955;97.935;96.349;94.765;96.231;
12:29:15;104.0;1659320956;97.915;96.316;94.702;96.212;
12:29:16;105.0;1659320957;97.892;96.311;94.651;96.122;
12:29:17;106.0;1659320958;97.884;96.311;94.597;96.141;
12:29:18;107.0;1659320960;97.893;96.275;94.526;96.123;
12:29:20;109.0;1659320961;97.872;96.258;94.441;96.103;
12:29:21;110.0;1659320962;97.861;96.21;94.383;96.039;
12:29:22;111.0;1659320963;97.793;96.202;94.437;96.019;
12:29:23;112.0;1659320964;97.771;96.178;94.43;95.983;
12:29:24;113.0;1659320966;97.704;96.149;94.4;95.951;
12:29:25;114.0;1659320967;97.719;96.102;94.319;95.929;
12:29:26;115.0;1659320968;97.681;96.042;94.315;95.912;
12:29:28;117.0;1659320969;97.699;96.034;94.255;95.888;
12:29:29;118.0;1659320970;97.694;96.014;94.215;95.831;
12:29:30;119.0;1659320971;97.692;95.991;94.195;95.796;
12:29:31;120.0;1659320972;97.643;95.955;94.15;95.739;
12:29:32;121.0;1659320973;97.603;95.923;94.073;95.72;
12:29:33;122.0;1659320975;97.572;95.905;93.992;95.689;
12:29:34;123.0;1659320976;97.584;95.909;93.965;95.71;
12:29:36;125.0;1659320977;97.513;95.898;93.955;95.652;
12:29:37;126.0;1659320978;97.482;95.872;93.875;95.635;
12:29:38;127.0;1659320979;97.453;95.801;93.841;95.598;
12:29:39;128.0;1659320980;97.511;95.783;93.771;95.637;
12:29:40;129.0;1659320981;97.476;95.712;93.77;95.609;
12:29:41;130.0;1659320983;97.422;95.677;93.735;95.586;
12:29:42;131.0;1659320984;97.374;95.583;93.705;95.503;
12:29:44;133.0;1659320985;97.389;95.548;93.66;95.46;
12:29:45;134.0;1659320986;97.39;95.505;93.619;95.429;
12:29:46;135.0;1659320987;97.347;95.482;93.646;95.403;
12:29:47;136.0;1659320988;97.293;95.497;93.586;95.38;
12:29:48;137.0;1659320990;97.314;95.515;93.573;95.338;
12:29:49;138.0;1659320991;97.326;95.521;93.54;95.307;
12:29:50;139.0;1659320992;97.338;95.451;93.515;95.256;
12:29:52;141.0;1659320993;97.269;95.404;93.43;95.202;
12:29:53;142.0;1659320994;97.198;95.395;93.336;95.165;
12:29:54;143.0;1659320995;97.156;95.434;93.298;95.168;
12:29:55;144.0;1659320996;97.145;95.387;93.313;95.172;
12:29:56;145.0;1659320997;97.108;95.37;93.332;95.19;
12:29:57;146.0;1659320999;97.105;95.299;93.258;95.17;
12:29:59;148.0;1659321000;97.123;95.291;93.188;95.116;
12:30:00;149.0;1659321001;97.149;95.226;93.14;95.08;
12:30:01;150.0;1659321002;97.127;95.153;93.177;95.02;
12:30:02;151.0;1659321003;97.033;95.136;93.156;95.004;
12:30:03;152.0;1659321005;97.002;95.096;93.073;94.955;
12:30:04;153.0;1659321006;96.934;95.135;93.003;94.941;
12:30:06;155.0;1659321007;96.895;95.055;92.932;94.942;
12:30:07;156.0;1659321008;96.821;95.053;92.92;94.928;
12:30:08;157.0;1659321009;96.799;95.024;92.947;94.884;
12:30:09;158.0;1659321010;96.798;95.039;92.923;94.81;
12:30:10;159.0;1659321011;96.773;95.004;92.89;94.768;
12:30:11;160.0;1659321012;96.741;94.925;92.822;94.749;
12:30:12;161.0;1659321014;96.724;94.896;92.836;94.703;
12:30:13;162.0;1659321015;96.719;94.867;92.748;94.664;
12:30:15;164.0;1659321016;96.731;94.894;92.655;94.633;
12:30:16;165.0;1659321017;96.718;94.85;92.564;94.645;
12:30:17;166.0;1659321018;96.664;94.836;92.54;94.626;
12:30:18;167.0;1659321019;96.631;94.813;92.502;94.581;
12:30:19;168.0;1659321020;96.597;94.784;92.447;94.567;
12:30:20;169.0;1659321022;96.569;94.738;92.393;94.559;
12:30:21;170.0;1659321023;96.55;94.706;92.363;94.574;
12:30:23;172.0;1659321024;96.53;94.68;92.278;94.564;
12:30:24;173.0;1659321025;96.546;94.657;92.241;94.507;
12:30:25;174.0;1659321026;96.53;94.623;92.182;94.442;
12:30:26;175.0;1659321027;96.524;94.621;92.219;94.383;
12:30:27;176.0;1659321029;96.51;94.589;92.212;94.381;
12:30:28;177.0;1659321030;96.467;94.565;92.185;94.376;
12:30:29;178.0;1659321031;96.42;94.528;92.109;94.365;
12:30:31;180.0;1659321032;96.417;94.502;92.061;94.274;
12:30:32;181.0;1659321033;96.392;94.459;92.019;94.239;
12:30:33;182.0;1659321034;96.359;94.412;92.029;94.169;
12:30:34;183.0;1659321035;96.291;94.384;92.008;94.179;
12:30:35;184.0;1659321036;96.247;94.349;91.929;94.152;
12:30:36;185.0;1659321038;96.239;94.306;91.843;94.146;
12:30:37;186.0;1659321039;96.24;94.289;91.772;94.084;
12:30:39;188.0;1659321040;96.212;94.254;91.839;94.039;
12:30:40;189.0;1659321041;96.173;94.237;91.836;93.974;
12:30:41;190.0;1659321042;96.089;94.176;91.803;93.981;
12:30:42;191.0;1659321043;96.081;94.147;91.725;93.956;
12:30:43;192.0;1659321044;96.059;94.13;91.664;93.96;
12:30:44;193.0;1659321045;96.032;94.13;91.595;93.915;
12:30:45;194.0;1659321047;95.968;94.122;91.558;93.915;
12:30:47;196.0;1659321048;95.92;94.128;91.566;93.862;
12:30:48;197.0;1659321049;95.937;94.12;91.52;93.863;
12:30:49;198.0;1659321050;95.912;94.103;91.49;93.803;
12:30:50;199.0;1659321051;95.875;94.039;91.395;93.815;
12:30:51;200.0;1659321052;95.876;93.987;91.419;93.768;
12:30:52;201.0;1659321054;95.839;93.981;91.315;93.754;
12:30:53;202.0;1659321055;95.84;93.985;91.268;93.724;
12:30:55;204.0;1659321056;95.787;93.974;91.196;93.666;
12:30:56;205.0;1659321057;95.788;93.907;91.231;93.644;
12:30:57;206.0;1659321058;95.771;93.878;91.241;93.606;
12:30:58;207.0;1659321059;95.718;93.855;91.191;93.61;
12:30:59;208.0;1659321060;95.724;93.865;91.127;93.554;
12:31:00;209.0;1659321062;95.68;93.81;91.097;93.501;
12:31:01;210.0;1659321063;95.672;93.785;91.058;93.443;
12:31:03;212.0;1659321064;95.627;93.747;91.045;93.415;
12:31:04;213.0;1659321065;95.619;93.701;90.976;93.388;
12:31:05;214.0;1659321066;95.571;93.676;90.914;93.394;
12:31:06;215.0;1659321067;95.569;93.639;90.856;93.372;
12:31:07;216.0;1659321068;95.551;93.656;90.849;93.353;
12:31:08;217.0;1659321069;95.591;93.651;90.85;93.306;
12:31:09;218.0;1659321070;95.571;93.625;90.739;93.288;
12:31:10;219.0;1659321072;95.56;93.562;90.683;93.238;
12:31:12;221.0;1659321073;95.512;93.482;90.641;93.228;
12:31:13;222.0;1659321074;95.434;93.453;90.664;93.142;
12:31:14;223.0;1659321075;95.396;93.439;90.583;93.095;
12:31:15;224.0;1659321076;95.332;93.414;90.528;93.03;
12:31:16;225.0;1659321078;95.349;93.357;90.491;93.042;
12:31:17;226.0;1659321079;95.294;93.331;90.507;93.046;
12:31:19;228.0;1659321080;95.286;93.317;90.535;93.03;
12:31:20;229.0;1659321081;95.227;93.303;90.514;92.98;
12:31:21;230.0;1659321082;95.222;93.264;90.517;92.924;
12:31:22;231.0;1659321083;95.234;93.221;90.441;92.871;
12:31:23;232.0;1659321084;95.257;93.189;90.37;92.875;
12:31:24;233.0;1659321086;95.255;93.164;90.272;92.85;
12:31:26;235.0;1659321087;95.186;93.148;90.164;92.849;
12:31:27;236.0;1659321088;95.144;93.097;90.113;92.772;
12:31:28;237.0;1659321089;95.126;93.083;90.042;92.745;
12:31:29;238.0;1659321090;95.151;93.023;90.058;92.729;
12:31:30;239.0;1659321091;95.143;93.021;90.046;92.738;
