Time;Seconds from start for linreg;Unix Time;ch1 po2;ch2 po2;ch3 po2;ch4 po2;
13:38:20;-2.0;1659325102;99.46;99.264;98.144;98.768;
13:38:21;-1.0;1659325102;99.428;99.237;98.184;98.79;
13:38:22;0.0;1659325103;99.431;99.215;98.216;98.72;
13:38:23;1.0;1659325104;99.425;99.168;98.235;98.735;
13:38:24;2.0;1659325106;99.431;99.187;98.195;98.729;
13:38:25;3.0;1659325107;99.41;99.175;98.142;98.737;
13:38:27;5.0;1659325108;99.448;99.188;98.166;98.737;
13:38:28;6.0;1659325109;99.472;99.16;98.176;98.701;
13:38:29;7.0;1659325110;99.496;99.117;98.197;98.775;
13:38:30;8.0;1659325111;99.448;99.102;98.24;98.769;
13:38:31;9.0;1659325113;99.392;99.118;98.21;98.772;
13:38:32;10.0;1659325114;99.332;99.109;98.179;98.739;
13:38:33;11.0;1659325115;99.282;99.106;98.064;98.721;
13:38:35;13.0;1659325116;99.303;99.066;98.012;98.698;
13:38:36;14.0;1659325117;99.326;99.118;97.975;98.674;
13:38:37;15.0;1659325118;99.339;99.091;97.955;98.64;
13:38:38;16.0;1659325119;99.288;99.073;97.915;98.621;
13:38:39;17.0;1659325120;99.282;99.024;97.939;98.554;
13:38:40;18.0;1659325121;99.276;99.005;97.891;98.547;
13:38:41;19.0;1659325123;99.268;99.014;97.879;98.545;
13:38:43;21.0;1659325124;99.264;98.989;97.82;98.574;
13:38:44;22.0;1659325125;99.308;98.983;97.775;98.532;
13:38:45;23.0;1659325126;99.296;98.949;97.77;98.476;
13:38:46;24.0;1659325127;99.282;98.947;97.771;98.422;
13:38:47;25.0;1659325128;99.261;98.905;97.779;98.393;
13:38:48;26.0;1659325129;99.274;98.88;97.709;98.377;
13:38:49;27.0;1659325130;99.236;98.855;97.607;98.33;
13:38:50;28.0;1659325132;99.189;98.855;97.527;98.312;
13:38:52;30.0;1659325133;99.183;98.843;97.486;98.371;
13:38:53;31.0;1659325134;99.198;98.838;97.499;98.349;
13:38:54;32.0;1659325135;99.211;98.826;97.472;98.295;
13:38:55;33.0;1659325136;99.222;98.829;97.4;98.159;
13:38:56;34.0;1659325137;99.161;98.814;97.383;98.12;
13:38:57;35.0;1659325139;99.158;98.783;97.367;98.07;
13:38:58;36.0;1659325140;99.12;98.759;97.368;98.047;
13:39:00;38.0;1659325141;99.093;98.719;97.259;98.043;
13:39:01;39.0;1659325142;99.064;98.707;97.184;98.048;
13:39:02;40.0;1659325143;99.05;98.683;97.182;97.965;
13:39:03;41.0;1659325144;99.047;98.675;97.174;97.93;
13:39:04;42.0;1659325146;98.983;98.638;97.144;97.891;
13:39:05;43.0;1659325147;98.951;98.608;97.065;97.905;
13:39:07;45.0;1659325148;98.948;98.578;96.976;97.894;
13:39:08;46.0;1659325149;98.946;98.559;96.951;97.858;
13:39:09;47.0;1659325150;98.899;98.547;96.925;97.868;
13:39:10;48.0;1659325151;98.894;98.514;96.953;97.79;
13:39:11;49.0;1659325152;98.903;98.505;96.942;97.776;
13:39:12;50.0;1659325154;98.907;98.462;96.885;97.738;
13:39:13;51.0;1659325155;98.869;98.468;96.779;97.766;
13:39:15;53.0;1659325156;98.855;98.438;96.728;97.755;
13:39:16;54.0;1659325157;98.822;98.42;96.717;97.72;
13:39:17;55.0;1659325158;98.817;98.353;96.675;97.688;
13:39:18;56.0;1659325159;98.785;98.329;96.619;97.661;
13:39:19;57.0;1659325161;98.791;98.323;96.603;97.668;
13:39:20;58.0;1659325162;98.804;98.336;96.617;97.629;
13:39:22;60.0;1659325163;98.772;98.318;96.602;97.615;
13:39:23;61.0;1659325164;98.752;98.281;96.531;97.595;
13:39:24;62.0;1659325165;98.737;98.291;96.499;97.614;
13:39:25;63.0;1659325166;98.773;98.282;96.442;97.564;
13:39:26;64.0;1659325167;98.785;98.322;96.441;97.538;
13:39:27;65.0;1659325169;98.748;98.261;96.432;97.475;
13:39:28;66.0;1659325170;98.721;98.262;96.448;97.452;
13:39:29;67.0;1659325171;98.709;98.176;96.398;97.439;
13:39:31;69.0;1659325172;98.707;98.174;96.378;97.416;
13:39:32;70.0;1659325173;98.651;98.146;96.253;97.387;
13:39:33;71.0;1659325174;98.617;98.153;96.275;97.314;
13:39:34;72.0;1659325175;98.559;98.122;96.207;97.288;
13:39:35;73.0;1659325176;98.545;98.068;96.226;97.237;
13:39:36;74.0;1659325178;98.496;98.013;96.122;97.173;
13:39:38;76.0;1659325179;98.464;97.977;96.114;97.103;
13:39:39;77.0;1659325180;98.465;97.969;96.117;97.101;
13:39:40;78.0;1659325181;98.474;97.948;96.084;97.105;
13:39:41;79.0;1659325182;98.474;97.927;96.017;97.088;
13:39:42;80.0;1659325183;98.458;97.894;96.017;97.026;
13:39:43;81.0;1659325184;98.406;97.867;95.991;97.001;
13:39:44;82.0;1659325186;98.389;97.859;95.981;96.976;
13:39:45;83.0;1659325187;98.31;97.841;95.893;96.936;
13:39:47;85.0;1659325188;98.281;97.826;95.858;96.919;
13:39:48;86.0;1659325189;98.24;97.774;95.815;96.838;
13:39:49;87.0;1659325190;98.253;97.726;95.772;96.804;
13:39:50;88.0;1659325191;98.286;97.702;95.751;96.706;
13:39:51;89.0;1659325193;98.286;97.666;95.732;96.661;
13:39:52;90.0;1659325194;98.255;97.657;95.762;96.624;
13:39:53;91.0;1659325195;98.203;97.652;95.698;96.602;
13:39:55;93.0;1659325196;98.21;97.664;95.654;96.559;
13:39:56;94.0;1659325197;98.216;97.658;95.55;96.528;
13:39:57;95.0;1659325198;98.214;97.607;95.476;96.523;
13:39:58;96.0;1659325199;98.199;97.598;95.439;96.563;
13:39:59;97.0;1659325200;98.182;97.586;95.391;96.473;
13:40:00;98.0;1659325202;98.168;97.605;95.397;96.397;
13:40:02;100.0;1659325203;98.123;97.56;95.373;96.333;
13:40:03;101.0;1659325204;98.088;97.518;95.321;96.349;
13:40:04;102.0;1659325205;98.038;97.467;95.277;96.339;
13:40:05;103.0;1659325206;98.047;97.437;95.222;96.272;
13:40:06;104.0;1659325207;97.996;97.413;95.227;96.233;
13:40:07;105.0;1659325209;97.988;97.402;95.227;96.217;
13:40:08;106.0;1659325210;97.933;97.381;95.221;96.227;
13:40:10;108.0;1659325211;97.951;97.345;95.193;96.188;
13:40:11;109.0;1659325212;97.949;97.314;95.182;96.125;
13:40:12;110.0;1659325213;97.937;97.284;95.117;96.077;
13:40:13;111.0;1659325214;97.886;97.288;95.074;96.05;
13:40:14;112.0;1659325215;97.904;97.265;95.075;96.045;
13:40:15;113.0;1659325217;97.858;97.259;95.051;95.988;
13:40:16;114.0;1659325218;97.874;97.217;95.001;95.965;
13:40:18;116.0;1659325219;97.744;97.193;94.947;95.946;
13:40:19;117.0;1659325220;97.75;97.16;94.926;95.953;
13:40:20;118.0;1659325221;97.71;97.176;94.937;95.905;
13:40:21;119.0;1659325222;97.757;97.146;94.921;95.842;
13:40:22;120.0;1659325223;97.737;97.123;94.874;95.771;
13:40:23;121.0;1659325225;97.735;97.069;94.825;95.74;
13:40:24;122.0;1659325226;97.721;97.045;94.742;95.678;
13:40:26;124.0;1659325227;97.695;97.042;94.754;95.633;
13:40:27;125.0;1659325228;97.632;97.024;94.765;95.588;
13:40:28;126.0;1659325229;97.586;96.985;94.733;95.557;
13:40:29;127.0;1659325230;97.563;96.974;94.622;95.526;
13:40:30;128.0;1659325231;97.578;96.968;94.569;95.501;
13:40:31;129.0;1659325233;97.567;96.969;94.496;95.468;
13:40:32;130.0;1659325234;97.571;96.942;94.479;95.469;
13:40:34;132.0;1659325235;97.546;96.933;94.37;95.447;
13:40:35;133.0;1659325236;97.535;96.943;94.367;95.439;
13:40:36;134.0;1659325237;97.48;96.904;94.301;95.407;
13:40:37;135.0;1659325238;97.461;96.871;94.299;95.374;
13:40:38;136.0;1659325239;97.441;96.826;94.214;95.337;
13:40:39;137.0;1659325241;97.429;96.82;94.235;95.283;
13:40:40;138.0;1659325242;97.369;96.788;94.174;95.237;
13:40:42;140.0;1659325243;97.356;96.779;94.157;95.151;
13:40:43;141.0;1659325244;97.339;96.744;94.069;95.163;
13:40:44;142.0;1659325245;97.396;96.747;94.026;95.168;
13:40:45;143.0;1659325246;97.402;96.709;93.975;95.227;
13:40:46;144.0;1659325247;97.383;96.712;93.929;95.176;
13:40:47;145.0;1659325248;97.343;96.664;93.897;95.099;
13:40:48;146.0;1659325250;97.315;96.674;93.889;95.031;
13:40:50;148.0;1659325251;97.298;96.635;93.836;94.961;
13:40:51;149.0;1659325252;97.261;96.584;93.815;94.904;
13:40:52;150.0;1659325253;97.227;96.551;93.764;94.833;
13:40:53;151.0;1659325254;97.216;96.528;93.8;94.787;
13:40:54;152.0;1659325255;97.194;96.552;93.762;94.751;
13:40:55;153.0;1659325256;97.162;96.529;93.751;94.711;
13:40:56;154.0;1659325258;97.166;96.505;93.723;94.727;
13:40:57;155.0;1659325259;97.181;96.484;93.684;94.771;
13:40:59;157.0;1659325260;97.19;96.449;93.655;94.735;
13:41:00;158.0;1659325261;97.101;96.434;93.613;94.693;
13:41:01;159.0;1659325262;97.099;96.396;93.635;94.599;
13:41:02;160.0;1659325263;97.03;96.39;93.55;94.617;
13:41:03;161.0;1659325265;97.077;96.354;93.484;94.592;
13:41:04;162.0;1659325266;97.006;96.363;93.422;94.616;
13:41:06;164.0;1659325267;97.027;96.334;93.395;94.567;
13:41:07;165.0;1659325268;96.99;96.367;93.392;94.528;
13:41:08;166.0;1659325269;96.984;96.34;93.373;94.474;
13:41:09;167.0;1659325270;96.959;96.338;93.409;94.455;
13:41:10;168.0;1659325271;96.957;96.269;93.351;94.426;
13:41:11;169.0;1659325272;96.963;96.254;93.303;94.376;
13:41:12;170.0;1659325274;96.921;96.249;93.255;94.294;
13:41:13;171.0;1659325275;96.892;96.252;93.227;94.258;
13:41:15;173.0;1659325276;96.864;96.204;93.159;94.213;
13:41:16;174.0;1659325277;96.85;96.181;93.13;94.203;
13:41:17;175.0;1659325278;96.802;96.187;93.088;94.178;
13:41:18;176.0;1659325279;96.805;96.167;93.019;94.21;
13:41:19;177.0;1659325280;96.799;96.164;92.968;94.205;
13:41:20;178.0;1659325282;96.835;96.156;92.957;94.186;
13:41:21;179.0;1659325283;96.778;96.156;92.988;94.093;
13:41:23;181.0;1659325284;96.764;96.109;92.943;94.056;
13:41:24;182.0;1659325285;96.693;96.064;92.847;93.994;
13:41:25;183.0;1659325286;96.673;96.052;92.788;93.99;
13:41:26;184.0;1659325287;96.633;96.017;92.756;93.931;
13:41:27;185.0;1659325289;96.625;95.966;92.732;93.927;
13:41:28;186.0;1659325290;96.617;95.934;92.713;93.884;
13:41:29;187.0;1659325291;96.586;95.92;92.673;93.862;
13:41:31;189.0;1659325292;96.552;95.896;92.665;93.814;
13:41:32;190.0;1659325293;96.539;95.885;92.585;93.795;
13:41:33;191.0;1659325294;96.539;95.888;92.519;93.753;
13:41:34;192.0;1659325295;96.519;95.895;92.489;93.738;
13:41:35;193.0;1659325296;96.482;95.856;92.471;93.739;
13:41:36;194.0;1659325298;96.494;95.803;92.493;93.731;
13:41:37;195.0;1659325299;96.492;95.777;92.416;93.703;
13:41:39;197.0;1659325300;96.487;95.795;92.363;93.639;
13:41:40;198.0;1659325301;96.404;95.796;92.278;93.637;
13:41:41;199.0;1659325302;96.379;95.758;92.304;93.646;
13:41:42;200.0;1659325303;96.35;95.698;92.294;93.645;
13:41:43;201.0;1659325304;96.365;95.639;92.296;93.628;
13:41:44;202.0;1659325305;96.351;95.633;92.281;93.555;
13:41:45;203.0;1659325307;96.32;95.628;92.251;93.527;
13:41:47;205.0;1659325308;96.372;95.646;92.19;93.452;
13:41:48;206.0;1659325309;96.381;95.626;92.114;93.442;
13:41:49;207.0;1659325310;96.39;95.602;92.114;93.392;
13:41:50;208.0;1659325311;96.319;95.549;92.097;93.41;
13:41:51;209.0;1659325312;96.311;95.508;92.059;93.362;
13:41:52;210.0;1659325314;96.269;95.472;91.952;93.346;
13:41:53;211.0;1659325315;96.215;95.479;91.849;93.253;
13:41:54;212.0;1659325316;96.173;95.464;91.779;93.243;
13:41:56;214.0;1659325317;96.192;95.456;91.75;93.156;
13:41:57;215.0;1659325318;96.232;95.433;91.741;93.193;
13:41:58;216.0;1659325319;96.19;95.43;91.683;93.135;
13:41:59;217.0;1659325320;96.146;95.389;91.604;93.209;
13:42:00;218.0;1659325321;96.121;95.36;91.602;93.17;
13:42:01;219.0;1659325323;96.119;95.333;91.583;93.154;
13:42:02;220.0;1659325324;96.082;95.339;91.576;93.041;
13:42:04;222.0;1659325325;96.045;95.324;91.459;92.995;
13:42:05;223.0;1659325326;96.048;95.316;91.397;92.96;
13:42:06;224.0;1659325327;96.026;95.308;91.309;92.944;
13:42:07;225.0;1659325328;96.012;95.275;91.317;92.945;
13:42:08;226.0;1659325329;96.019;95.264;91.33;92.957;
13:42:09;227.0;1659325330;96.013;95.211;91.34;92.963;
13:42:10;228.0;1659325331;96.014;95.199;91.259;92.919;
13:42:11;229.0;1659325333;95.983;95.17;91.167;92.872;
13:42:13;231.0;1659325334;95.995;95.177;91.186;92.827;
13:42:14;232.0;1659325335;95.987;95.171;91.165;92.784;
13:42:15;233.0;1659325336;95.962;95.133;91.152;92.773;
13:42:16;234.0;1659325337;95.905;95.092;91.057;92.754;
13:42:17;235.0;1659325338;95.875;95.045;91.024;92.76;
13:42:18;236.0;1659325339;95.853;95.022;90.982;92.708;
13:42:19;237.0;1659325341;95.83;95.013;90.957;92.664;
13:42:21;239.0;1659325342;95.797;94.982;90.961;92.638;
