Time;Seconds from start for linreg;Unix Time;ch1 po2;ch2 po2;ch3 po2;ch4 po2;
13:24:11;-1.0;1659324252;99.388;99.223;98.202;98.765;
13:24:12;0.0;1659324253;99.352;99.204;98.138;98.799;
13:24:13;1.0;1659324254;99.296;99.155;98.104;98.784;
13:24:14;2.0;1659324255;99.282;99.183;98.062;98.785;
13:24:15;3.0;1659324256;99.335;99.189;98.142;98.722;
13:24:16;4.0;1659324258;99.374;99.187;98.144;98.707;
13:24:18;6.0;1659324259;99.415;99.181;98.135;98.681;
13:24:19;7.0;1659324260;99.386;99.181;98.027;98.639;
13:24:20;8.0;1659324261;99.377;99.203;97.955;98.628;
13:24:21;9.0;1659324262;99.318;99.169;97.965;98.614;
13:24:22;10.0;1659324263;99.313;99.16;97.972;98.654;
13:24:23;11.0;1659324265;99.254;99.12;97.998;98.64;
13:24:24;12.0;1659324266;99.222;99.12;97.945;98.64;
13:24:26;14.0;1659324267;99.245;99.102;97.919;98.608;
13:24:27;15.0;1659324268;99.269;99.108;97.849;98.535;
13:24:28;16.0;1659324269;99.281;99.093;97.777;98.494;
13:24:29;17.0;1659324270;99.287;99.072;97.703;98.476;
13:24:30;18.0;1659324271;99.246;99.029;97.707;98.456;
13:24:31;19.0;1659324273;99.205;99.038;97.715;98.427;
13:24:32;20.0;1659324274;99.223;99.023;97.74;98.377;
13:24:34;22.0;1659324275;99.243;99.029;97.724;98.36;
13:24:35;23.0;1659324276;99.267;99.002;97.672;98.357;
13:24:36;24.0;1659324277;99.229;98.968;97.626;98.316;
13:24:37;25.0;1659324278;99.218;98.965;97.576;98.32;
13:24:38;26.0;1659324279;99.218;98.971;97.57;98.305;
13:24:39;27.0;1659324280;99.203;98.956;97.543;98.297;
13:24:40;28.0;1659324281;99.177;98.928;97.505;98.241;
13:24:41;29.0;1659324283;99.154;98.904;97.451;98.158;
13:24:43;31.0;1659324284;99.134;98.917;97.379;98.141;
13:24:44;32.0;1659324285;99.122;98.877;97.273;98.115;
13:24:45;33.0;1659324286;99.12;98.853;97.227;98.134;
13:24:46;34.0;1659324287;99.135;98.829;97.25;98.093;
13:24:47;35.0;1659324288;99.123;98.832;97.245;98.079;
13:24:48;36.0;1659324290;99.114;98.814;97.243;98.035;
13:24:49;37.0;1659324291;99.082;98.799;97.131;98.06;
13:24:51;39.0;1659324292;99.068;98.796;97.125;98.09;
13:24:52;40.0;1659324293;99.057;98.781;97.051;98.067;
13:24:53;41.0;1659324294;99.069;98.744;96.988;98.01;
13:24:54;42.0;1659324295;99.051;98.701;96.963;97.984;
13:24:55;43.0;1659324297;99.001;98.665;96.971;97.955;
13:24:56;44.0;1659324298;98.966;98.631;97.007;97.932;
13:24:57;45.0;1659324299;98.964;98.613;96.917;97.888;
13:24:59;47.0;1659324300;99.005;98.595;96.822;97.862;
13:25:00;48.0;1659324301;98.985;98.552;96.781;97.816;
13:25:01;49.0;1659324302;98.983;98.528;96.78;97.777;
13:25:02;50.0;1659324303;98.945;98.504;96.791;97.757;
13:25:03;51.0;1659324304;98.951;98.492;96.732;97.743;
13:25:04;52.0;1659324305;98.892;98.48;96.726;97.69;
13:25:05;53.0;1659324307;98.84;98.441;96.664;97.657;
13:25:07;55.0;1659324308;98.819;98.439;96.67;97.619;
13:25:08;56.0;1659324309;98.831;98.393;96.612;97.638;
13:25:09;57.0;1659324310;98.835;98.388;96.542;97.624;
13:25:10;58.0;1659324311;98.815;98.388;96.506;97.605;
13:25:11;59.0;1659324312;98.806;98.385;96.476;97.573;
13:25:12;60.0;1659324314;98.803;98.349;96.479;97.532;
13:25:13;61.0;1659324315;98.808;98.306;96.391;97.48;
13:25:15;63.0;1659324316;98.803;98.285;96.36;97.432;
13:25:16;64.0;1659324317;98.789;98.26;96.364;97.383;
13:25:17;65.0;1659324318;98.754;98.236;96.412;97.318;
13:25:18;66.0;1659324319;98.737;98.218;96.353;97.286;
13:25:19;67.0;1659324321;98.755;98.234;96.296;97.275;
13:25:20;68.0;1659324322;98.718;98.198;96.296;97.279;
13:25:22;70.0;1659324323;98.718;98.171;96.272;97.232;
13:25:23;71.0;1659324324;98.689;98.144;96.216;97.189;
13:25:24;72.0;1659324325;98.668;98.159;96.094;97.151;
13:25:25;73.0;1659324326;98.607;98.123;96.079;97.163;
13:25:26;74.0;1659324327;98.592;98.071;96.052;97.146;
13:25:27;75.0;1659324328;98.613;98.011;96.028;97.141;
13:25:28;76.0;1659324330;98.644;98.017;95.98;97.118;
13:25:30;78.0;1659324331;98.615;97.997;95.975;97.11;
13:25:31;79.0;1659324332;98.571;98.006;95.973;97.054;
13:25:32;80.0;1659324333;98.55;97.958;95.914;96.978;
13:25:33;81.0;1659324334;98.524;97.949;95.843;96.938;
13:25:34;82.0;1659324335;98.56;97.904;95.762;96.912;
13:25:35;83.0;1659324336;98.505;97.883;95.726;96.886;
13:25:36;84.0;1659324338;98.482;97.868;95.676;96.83;
13:25:37;85.0;1659324339;98.442;97.851;95.665;96.83;
13:25:39;87.0;1659324340;98.422;97.824;95.662;96.837;
13:25:40;88.0;1659324341;98.39;97.775;95.632;96.842;
13:25:41;89.0;1659324342;98.311;97.733;95.581;96.813;
13:25:42;90.0;1659324343;98.283;97.706;95.522;96.755;
13:25:43;91.0;1659324345;98.28;97.703;95.524;96.702;
13:25:44;92.0;1659324346;98.296;97.658;95.494;96.656;
13:25:45;93.0;1659324347;98.29;97.631;95.479;96.648;
13:25:47;95.0;1659324348;98.265;97.594;95.43;96.637;
13:25:48;96.0;1659324349;98.239;97.601;95.349;96.626;
13:25:49;97.0;1659324350;98.201;97.592;95.29;96.574;
13:25:50;98.0;1659324351;98.155;97.562;95.278;96.551;
13:25:51;99.0;1659324352;98.132;97.568;95.295;96.517;
13:25:52;100.0;1659324354;98.106;97.538;95.279;96.515;
13:25:54;102.0;1659324355;98.124;97.517;95.203;96.501;
13:25:55;103.0;1659324356;98.127;97.484;95.119;96.481;
13:25:56;104.0;1659324357;98.145;97.473;95.069;96.458;
13:25:57;105.0;1659324358;98.079;97.47;95.052;96.376;
13:25:58;106.0;1659324359;98.059;97.434;95.05;96.415;
13:25:59;107.0;1659324360;98.033;97.413;95.062;96.41;
13:26:00;108.0;1659324362;98.025;97.381;95.016;96.429;
13:26:01;109.0;1659324363;97.953;97.372;94.971;96.345;
13:26:03;111.0;1659324364;97.962;97.367;94.905;96.29;
13:26:04;112.0;1659324365;97.93;97.343;94.892;96.296;
13:26:05;113.0;1659324366;97.954;97.315;94.883;96.306;
13:26:06;114.0;1659324367;97.874;97.279;94.857;96.315;
13:26:07;115.0;1659324369;97.843;97.27;94.786;96.257;
13:26:08;116.0;1659324370;97.777;97.235;94.747;96.202;
13:26:09;117.0;1659324371;97.74;97.199;94.637;96.179;
13:26:11;119.0;1659324372;97.743;97.206;94.589;96.153;
13:26:12;120.0;1659324373;97.746;97.215;94.53;96.134;
13:26:13;121.0;1659324374;97.761;97.197;94.541;96.099;
13:26:14;122.0;1659324375;97.768;97.113;94.56;96.038;
13:26:15;123.0;1659324376;97.76;97.074;94.536;96.015;
13:26:16;124.0;1659324378;97.752;97.056;94.547;95.972;
13:26:17;125.0;1659324379;97.735;97.089;94.466;95.976;
13:26:19;127.0;1659324380;97.666;97.072;94.384;95.977;
13:26:20;128.0;1659324381;97.64;97.036;94.295;95.955;
13:26:21;129.0;1659324382;97.589;97.0;94.249;95.974;
13:26:22;130.0;1659324383;97.659;96.988;94.191;95.929;
13:26:23;131.0;1659324384;97.642;96.998;94.156;95.897;
13:26:24;132.0;1659324386;97.655;96.989;94.124;95.804;
13:26:25;133.0;1659324387;97.542;96.938;94.108;95.761;
13:26:27;135.0;1659324388;97.493;96.923;94.086;95.724;
13:26:28;136.0;1659324389;97.448;96.884;94.022;95.713;
13:26:29;137.0;1659324390;97.411;96.888;93.956;95.725;
13:26:30;138.0;1659324391;97.371;96.81;93.859;95.699;
13:26:31;139.0;1659324393;97.326;96.751;93.821;95.703;
13:26:32;140.0;1659324394;97.288;96.718;93.797;95.652;
13:26:34;142.0;1659324395;97.26;96.701;93.807;95.628;
13:26:35;143.0;1659324396;97.177;96.713;93.786;95.591;
13:26:36;144.0;1659324397;97.16;96.65;93.757;95.565;
13:26:37;145.0;1659324398;97.175;96.63;93.717;95.543;
13:26:38;146.0;1659324399;97.199;96.612;93.689;95.551;
13:26:39;147.0;1659324401;97.225;96.595;93.68;95.543;
13:26:40;148.0;1659324402;97.165;96.58;93.606;95.495;
13:26:41;149.0;1659324403;97.149;96.574;93.63;95.412;
13:26:43;151.0;1659324404;97.129;96.596;93.607;95.329;
13:26:44;152.0;1659324405;97.127;96.602;93.61;95.304;
13:26:45;153.0;1659324406;97.145;96.531;93.53;95.264;
13:26:46;154.0;1659324407;97.102;96.471;93.495;95.271;
13:26:47;155.0;1659324408;97.039;96.411;93.465;95.217;
13:26:48;156.0;1659324409;97.003;96.405;93.413;95.206;
13:26:49;157.0;1659324411;96.995;96.421;93.355;95.157;
13:26:51;159.0;1659324412;96.964;96.439;93.315;95.175;
13:26:52;160.0;1659324413;96.927;96.41;93.273;95.152;
13:26:53;161.0;1659324414;96.893;96.366;93.252;95.118;
13:26:54;162.0;1659324415;96.933;96.298;93.217;95.067;
13:26:55;163.0;1659324416;96.877;96.244;93.232;95.051;
13:26:56;164.0;1659324417;96.829;96.232;93.207;95.003;
13:26:57;165.0;1659324419;96.806;96.224;93.159;94.992;
13:26:58;166.0;1659324420;96.792;96.23;93.134;94.97;
13:27:00;168.0;1659324421;96.824;96.18;93.086;94.962;
13:27:01;169.0;1659324422;96.758;96.139;93.029;94.897;
13:27:02;170.0;1659324423;96.788;96.112;92.967;94.869;
13:27:03;171.0;1659324424;96.746;96.097;92.904;94.859;
13:27:04;172.0;1659324426;96.737;96.077;92.918;94.87;
13:27:05;173.0;1659324427;96.706;96.048;92.864;94.804;
13:27:07;175.0;1659324428;96.698;96.022;92.869;94.765;
13:27:08;176.0;1659324429;96.665;96.007;92.836;94.705;
13:27:09;177.0;1659324430;96.646;95.975;92.803;94.709;
13:27:10;178.0;1659324431;96.615;95.919;92.731;94.686;
13:27:11;179.0;1659324432;96.593;95.869;92.674;94.722;
13:27:12;180.0;1659324433;96.554;95.854;92.606;94.703;
13:27:13;181.0;1659324435;96.541;95.825;92.641;94.692;
13:27:15;183.0;1659324436;96.527;95.778;92.623;94.621;
13:27:16;184.0;1659324437;96.491;95.71;92.588;94.533;
13:27:17;185.0;1659324438;96.486;95.702;92.504;94.453;
13:27:18;186.0;1659324439;96.524;95.712;92.482;94.46;
13:27:19;187.0;1659324440;96.49;95.7;92.495;94.487;
13:27:20;188.0;1659324441;96.422;95.662;92.507;94.479;
13:27:21;189.0;1659324443;96.383;95.627;92.496;94.471;
13:27:22;190.0;1659324444;96.355;95.594;92.478;94.417;
13:27:24;192.0;1659324445;96.332;95.601;92.439;94.407;
13:27:25;193.0;1659324446;96.296;95.571;92.364;94.29;
13:27:26;194.0;1659324447;96.331;95.53;92.327;94.252;
13:27:27;195.0;1659324448;96.363;95.498;92.205;94.194;
13:27:28;196.0;1659324450;96.315;95.49;92.172;94.164;
13:27:29;197.0;1659324451;96.242;95.457;92.102;94.108;
13:27:30;198.0;1659324452;96.186;95.405;92.141;94.083;
13:27:32;200.0;1659324453;96.181;95.361;92.122;94.052;
13:27:33;201.0;1659324454;96.202;95.373;92.111;94.059;
13:27:34;202.0;1659324455;96.188;95.382;92.041;94.037;
13:27:35;203.0;1659324456;96.155;95.347;91.971;94.035;
13:27:36;204.0;1659324457;96.105;95.309;91.906;93.987;
13:27:37;205.0;1659324459;96.071;95.262;91.845;93.977;
13:27:39;207.0;1659324460;96.075;95.246;91.807;93.974;
13:27:40;208.0;1659324461;96.033;95.231;91.817;93.955;
13:27:41;209.0;1659324462;95.991;95.196;91.792;93.927;
13:27:42;210.0;1659324463;95.943;95.191;91.735;93.872;
13:27:43;211.0;1659324464;95.949;95.159;91.659;93.853;
13:27:44;212.0;1659324466;95.97;95.168;91.728;93.84;
13:27:45;213.0;1659324467;95.971;95.109;91.696;93.807;
13:27:47;215.0;1659324468;95.931;95.071;91.74;93.788;
13:27:48;216.0;1659324469;95.893;95.045;91.617;93.724;
13:27:49;217.0;1659324470;95.82;95.025;91.622;93.736;
13:27:50;218.0;1659324471;95.795;95.014;91.528;93.714;
13:27:51;219.0;1659324472;95.79;94.958;91.508;93.712;
13:27:52;220.0;1659324474;95.794;94.944;91.456;93.664;
13:27:53;221.0;1659324475;95.758;94.932;91.365;93.648;
13:27:55;223.0;1659324476;95.671;94.933;91.319;93.612;
13:27:56;224.0;1659324477;95.652;94.913;91.332;93.587;
13:27:57;225.0;1659324478;95.651;94.845;91.349;93.557;
13:27:58;226.0;1659324479;95.601;94.819;91.339;93.504;
13:27:59;227.0;1659324480;95.559;94.82;91.268;93.494;
13:28:00;228.0;1659324481;95.5;94.82;91.252;93.464;
13:28:01;229.0;1659324483;95.543;94.765;91.213;93.462;
13:28:03;231.0;1659324484;95.55;94.721;91.195;93.441;
13:28:04;232.0;1659324485;95.548;94.722;91.151;93.397;
13:28:05;233.0;1659324486;95.518;94.675;91.139;93.387;
13:28:06;234.0;1659324487;95.492;94.637;91.059;93.339;
13:28:07;235.0;1659324488;95.478;94.608;91.045;93.355;
13:28:08;236.0;1659324489;95.442;94.63;91.004;93.317;
13:28:09;237.0;1659324491;95.397;94.636;91.057;93.304;
13:28:10;238.0;1659324492;95.395;94.566;91.068;93.229;
