Time;Seconds from start for linreg;Unix Time;ch1 po2;ch2 po2;ch3 po2;ch4 po2;
14:13:45;-2.0;1659327227;99.477;99.252;98.352;98.751;
14:13:46;-1.0;1659327228;99.426;99.246;98.292;98.694;
14:13:48;1.0;1659327229;99.388;99.253;98.274;98.636;
14:13:49;2.0;1659327230;99.377;99.197;98.248;98.661;
14:13:50;3.0;1659327231;99.442;99.194;98.287;98.625;
14:13:51;4.0;1659327232;99.429;99.175;98.274;98.658;
14:13:52;5.0;1659327234;99.476;99.194;98.258;98.595;
14:13:53;6.0;1659327235;99.459;99.184;98.24;98.587;
14:13:55;8.0;1659327236;99.451;99.178;98.235;98.513;
14:13:56;9.0;1659327237;99.436;99.206;98.279;98.494;
14:13:57;10.0;1659327238;99.43;99.191;98.211;98.501;
14:13:58;11.0;1659327239;99.454;99.213;98.231;98.547;
14:13:59;12.0;1659327240;99.43;99.198;98.159;98.56;
14:14:00;13.0;1659327241;99.395;99.232;98.204;98.525;
14:14:01;14.0;1659327243;99.374;99.173;98.13;98.423;
14:14:03;16.0;1659327244;99.364;99.139;98.109;98.355;
14:14:04;17.0;1659327245;99.352;99.115;98.082;98.302;
14:14:05;18.0;1659327246;99.35;99.121;98.06;98.294;
14:14:06;19.0;1659327247;99.326;99.112;98.014;98.265;
14:14:07;20.0;1659327248;99.318;99.134;97.947;98.259;
14:14:08;21.0;1659327250;99.316;99.128;97.92;98.203;
14:14:09;22.0;1659327251;99.305;99.122;97.908;98.16;
14:14:11;24.0;1659327252;99.282;99.027;97.859;98.092;
14:14:12;25.0;1659327253;99.286;98.984;97.796;98.074;
14:14:13;26.0;1659327254;99.271;98.922;97.748;98.006;
14:14:14;27.0;1659327255;99.265;98.926;97.723;98.017;
14:14:15;28.0;1659327256;99.224;98.904;97.728;97.973;
14:14:16;29.0;1659327258;99.24;98.948;97.684;97.959;
14:14:17;30.0;1659327259;99.249;98.921;97.693;97.884;
14:14:19;32.0;1659327260;99.249;98.897;97.658;97.861;
14:14:20;33.0;1659327261;99.17;98.844;97.632;97.86;
14:14:21;34.0;1659327262;99.139;98.841;97.614;97.813;
14:14:22;35.0;1659327263;99.122;98.82;97.582;97.812;
14:14:23;36.0;1659327264;99.152;98.833;97.575;97.778;
14:14:24;37.0;1659327266;99.168;98.837;97.501;97.831;
14:14:25;38.0;1659327267;99.168;98.831;97.439;97.736;
14:14:27;40.0;1659327268;99.142;98.813;97.377;97.683;
14:14:28;41.0;1659327269;99.092;98.767;97.329;97.597;
14:14:29;42.0;1659327270;99.066;98.758;97.303;97.63;
14:14:30;43.0;1659327271;99.034;98.7;97.292;97.623;
14:14:31;44.0;1659327272;98.996;98.675;97.275;97.591;
14:14:32;45.0;1659327273;98.973;98.663;97.229;97.565;
14:14:33;46.0;1659327275;98.967;98.655;97.21;97.497;
14:14:35;48.0;1659327276;98.995;98.658;97.157;97.482;
14:14:36;49.0;1659327277;99.007;98.619;97.139;97.507;
14:14:37;50.0;1659327278;99.011;98.616;97.053;97.561;
14:14:38;51.0;1659327279;98.94;98.585;97.029;97.524;
14:14:39;52.0;1659327281;98.885;98.598;96.955;97.453;
14:14:40;53.0;1659327282;98.856;98.614;96.938;97.409;
14:14:41;54.0;1659327283;98.869;98.599;96.94;97.389;
14:14:43;56.0;1659327284;98.87;98.535;96.952;97.376;
14:14:44;57.0;1659327285;98.853;98.483;96.94;97.324;
14:14:45;58.0;1659327286;98.795;98.471;96.892;97.292;
14:14:46;59.0;1659327287;98.772;98.468;96.841;97.215;
14:14:47;60.0;1659327288;98.717;98.444;96.757;97.225;
14:14:48;61.0;1659327290;98.718;98.396;96.664;97.172;
14:14:49;62.0;1659327291;98.662;98.414;96.67;97.224;
14:14:51;64.0;1659327292;98.637;98.399;96.696;97.186;
14:14:52;65.0;1659327293;98.629;98.427;96.713;97.204;
14:14:53;66.0;1659327294;98.638;98.388;96.711;97.125;
14:14:54;67.0;1659327295;98.656;98.373;96.662;97.085;
14:14:55;68.0;1659327296;98.61;98.33;96.65;97.048;
14:14:56;69.0;1659327297;98.54;98.288;96.573;97.043;
14:14:57;70.0;1659327299;98.485;98.251;96.525;97.015;
14:14:59;72.0;1659327300;98.512;98.218;96.468;96.983;
14:15:00;73.0;1659327301;98.534;98.249;96.456;96.996;
14:15:01;74.0;1659327302;98.543;98.234;96.467;96.964;
14:15:02;75.0;1659327303;98.479;98.226;96.431;96.882;
14:15:03;76.0;1659327304;98.465;98.137;96.401;96.797;
14:15:04;77.0;1659327305;98.44;98.14;96.348;96.76;
14:15:05;78.0;1659327307;98.432;98.116;96.335;96.803;
14:15:07;80.0;1659327308;98.4;98.135;96.248;96.801;
14:15:08;81.0;1659327309;98.383;98.093;96.214;96.838;
14:15:09;82.0;1659327310;98.367;98.068;96.185;96.797;
14:15:10;83.0;1659327311;98.332;98.029;96.181;96.76;
14:15:11;84.0;1659327312;98.294;98.024;96.123;96.702;
14:15:12;85.0;1659327314;98.248;98.031;96.112;96.685;
14:15:13;86.0;1659327315;98.216;98.034;96.042;96.625;
14:15:14;87.0;1659327316;98.142;98.028;95.997;96.576;
14:15:16;89.0;1659327317;98.078;97.973;95.921;96.525;
14:15:17;90.0;1659327318;98.073;97.952;95.95;96.485;
14:15:18;91.0;1659327319;98.06;97.938;95.935;96.457;
14:15:19;92.0;1659327320;98.098;97.944;95.869;96.423;
14:15:20;93.0;1659327321;98.052;97.926;95.823;96.391;
14:15:21;94.0;1659327323;98.076;97.896;95.825;96.355;
14:15:22;95.0;1659327324;98.016;97.884;95.77;96.291;
14:15:24;97.0;1659327325;97.955;97.86;95.695;96.289;
14:15:25;98.0;1659327326;97.904;97.839;95.666;96.252;
14:15:26;99.0;1659327327;97.893;97.8;95.725;96.275;
14:15:27;100.0;1659327328;97.894;97.77;95.784;96.224;
14:15:28;101.0;1659327329;97.848;97.743;95.752;96.19;
14:15:29;102.0;1659327330;97.785;97.749;95.722;96.132;
14:15:30;103.0;1659327331;97.73;97.749;95.648;96.107;
14:15:31;104.0;1659327333;97.725;97.734;95.58;96.073;
14:15:33;106.0;1659327334;97.703;97.683;95.522;96.056;
14:15:34;107.0;1659327335;97.698;97.668;95.468;96.042;
14:15:35;108.0;1659327336;97.676;97.643;95.447;96.013;
14:15:36;109.0;1659327337;97.671;97.656;95.403;95.99;
14:15:37;110.0;1659327338;97.62;97.638;95.422;95.971;
14:15:38;111.0;1659327340;97.554;97.602;95.384;95.965;
14:15:39;112.0;1659327341;97.511;97.566;95.388;95.928;
14:15:41;114.0;1659327342;97.506;97.527;95.365;95.911;
14:15:42;115.0;1659327343;97.507;97.564;95.365;95.903;
14:15:43;116.0;1659327344;97.488;97.552;95.291;95.897;
14:15:44;117.0;1659327345;97.431;97.534;95.26;95.875;
14:15:45;118.0;1659327346;97.386;97.483;95.253;95.867;
14:15:46;119.0;1659327347;97.331;97.444;95.246;95.824;
14:15:47;120.0;1659327349;97.292;97.448;95.217;95.789;
14:15:49;122.0;1659327350;97.267;97.406;95.194;95.738;
14:15:50;123.0;1659327351;97.236;97.43;95.146;95.739;
14:15:51;124.0;1659327352;97.239;97.391;95.093;95.716;
14:15:52;125.0;1659327353;97.193;97.425;95.099;95.697;
14:15:53;126.0;1659327354;97.202;97.359;95.103;95.677;
14:15:54;127.0;1659327355;97.165;97.314;95.089;95.641;
14:15:55;128.0;1659327357;97.175;97.232;95.021;95.572;
14:15:56;129.0;1659327358;97.181;97.245;95.004;95.497;
14:15:58;131.0;1659327359;97.161;97.236;94.979;95.487;
14:15:59;132.0;1659327360;97.118;97.218;94.918;95.489;
14:16:00;133.0;1659327361;97.076;97.161;94.843;95.496;
14:16:01;134.0;1659327362;97.076;97.147;94.824;95.456;
14:16:02;135.0;1659327364;97.094;97.156;94.771;95.419;
14:16:03;136.0;1659327365;97.098;97.138;94.773;95.399;
14:16:04;137.0;1659327366;97.075;97.123;94.681;95.35;
14:16:06;139.0;1659327367;97.017;97.12;94.633;95.334;
14:16:07;140.0;1659327368;96.932;97.106;94.596;95.316;
14:16:08;141.0;1659327369;96.906;97.091;94.604;95.291;
14:16:09;142.0;1659327370;96.901;97.022;94.54;95.248;
14:16:10;143.0;1659327371;96.896;97.01;94.459;95.216;
14:16:11;144.0;1659327373;96.871;97.001;94.381;95.228;
14:16:12;145.0;1659327374;96.851;97.011;94.389;95.255;
14:16:14;147.0;1659327375;96.855;96.978;94.381;95.261;
14:16:15;148.0;1659327376;96.832;96.954;94.403;95.253;
14:16:16;149.0;1659327377;96.79;96.934;94.408;95.228;
14:16:17;150.0;1659327378;96.75;96.916;94.403;95.188;
14:16:18;151.0;1659327379;96.765;96.88;94.376;95.159;
14:16:19;152.0;1659327380;96.786;96.862;94.322;95.148;
14:16:20;153.0;1659327382;96.778;96.848;94.284;95.116;
14:16:22;155.0;1659327383;96.704;96.83;94.228;95.074;
14:16:23;156.0;1659327384;96.661;96.788;94.185;94.99;
14:16:24;157.0;1659327385;96.63;96.758;94.143;94.991;
14:16:25;158.0;1659327386;96.619;96.737;94.112;94.972;
14:16:26;159.0;1659327387;96.61;96.738;94.103;95.002;
14:16:27;160.0;1659327389;96.565;96.738;94.12;94.913;
14:16:28;161.0;1659327390;96.546;96.747;94.075;94.828;
14:16:30;163.0;1659327391;96.515;96.742;94.048;94.768;
14:16:31;164.0;1659327392;96.525;96.715;94.039;94.746;
14:16:32;165.0;1659327393;96.506;96.667;93.985;94.75;
14:16:33;166.0;1659327394;96.466;96.629;93.956;94.727;
14:16:34;167.0;1659327395;96.426;96.635;93.833;94.734;
14:16:35;168.0;1659327397;96.412;96.6;93.855;94.704;
14:16:36;169.0;1659327398;96.401;96.597;93.792;94.662;
14:16:38;171.0;1659327399;96.391;96.558;93.771;94.611;
14:16:39;172.0;1659327400;96.369;96.57;93.702;94.617;
14:16:40;173.0;1659327401;96.33;96.528;93.655;94.614;
14:16:41;174.0;1659327402;96.324;96.505;93.645;94.615;
14:16:42;175.0;1659327403;96.327;96.445;93.607;94.59;
14:16:43;176.0;1659327404;96.253;96.434;93.55;94.535;
14:16:44;177.0;1659327406;96.217;96.416;93.502;94.484;
14:16:46;179.0;1659327407;96.135;96.405;93.433;94.43;
14:16:47;180.0;1659327408;96.178;96.384;93.433;94.394;
14:16:48;181.0;1659327409;96.144;96.346;93.351;94.362;
14:16:49;182.0;1659327410;96.15;96.361;93.354;94.366;
14:16:50;183.0;1659327411;96.103;96.343;93.286;94.35;
14:16:51;184.0;1659327413;96.097;96.343;93.29;94.343;
14:16:52;185.0;1659327414;96.101;96.319;93.234;94.26;
14:16:54;187.0;1659327415;96.067;96.29;93.214;94.253;
14:16:55;188.0;1659327416;96.059;96.275;93.166;94.244;
14:16:56;189.0;1659327417;96.031;96.228;93.162;94.209;
14:16:57;190.0;1659327418;96.046;96.204;93.161;94.151;
14:16:58;191.0;1659327419;96.001;96.19;93.119;94.04;
14:16:59;192.0;1659327420;96.022;96.205;93.067;94.049;
14:17:00;193.0;1659327422;96.013;96.208;93.037;93.988;
14:17:01;194.0;1659327423;95.98;96.197;93.006;93.98;
14:17:03;196.0;1659327424;95.889;96.149;92.916;93.912;
14:17:04;197.0;1659327425;95.824;96.126;92.847;93.907;
14:17:05;198.0;1659327426;95.825;96.075;92.84;93.859;
14:17:06;199.0;1659327427;95.851;96.078;92.877;93.792;
14:17:07;200.0;1659327428;95.858;96.046;92.865;93.756;
14:17:08;201.0;1659327429;95.816;96.055;92.814;93.732;
14:17:09;202.0;1659327431;95.742;95.998;92.783;93.739;
14:17:11;204.0;1659327432;95.709;95.978;92.742;93.709;
14:17:12;205.0;1659327433;95.704;95.943;92.732;93.681;
14:17:13;206.0;1659327434;95.71;95.94;92.687;93.668;
14:17:14;207.0;1659327435;95.691;95.917;92.65;93.648;
14:17:15;208.0;1659327436;95.657;95.909;92.596;93.623;
14:17:16;209.0;1659327438;95.607;95.918;92.552;93.578;
14:17:17;210.0;1659327439;95.633;95.906;92.538;93.561;
14:17:19;212.0;1659327440;95.653;95.876;92.499;93.556;
14:17:20;213.0;1659327441;95.676;95.832;92.418;93.55;
14:17:21;214.0;1659327442;95.654;95.806;92.411;93.52;
14:17:22;215.0;1659327443;95.595;95.794;92.358;93.485;
14:17:23;216.0;1659327444;95.562;95.771;92.348;93.44;
14:17:24;217.0;1659327446;95.515;95.757;92.27;93.385;
14:17:25;218.0;1659327447;95.476;95.709;92.236;93.374;
14:17:26;219.0;1659327448;95.467;95.695;92.216;93.31;
14:17:28;221.0;1659327449;95.442;95.674;92.223;93.268;
14:17:29;222.0;1659327450;95.476;95.666;92.235;93.223;
14:17:30;223.0;1659327451;95.42;95.634;92.224;93.25;
14:17:31;224.0;1659327452;95.455;95.613;92.209;93.267;
14:17:32;225.0;1659327453;95.402;95.575;92.173;93.248;
14:17:33;226.0;1659327455;95.408;95.578;92.1;93.203;
14:17:34;227.0;1659327456;95.4;95.54;91.987;93.142;
14:17:36;229.0;1659327457;95.414;95.579;91.913;93.096;
14:17:37;230.0;1659327458;95.383;95.532;91.896;93.071;
14:17:38;231.0;1659327459;95.35;95.538;91.881;93.061;
14:17:39;232.0;1659327460;95.337;95.47;91.834;93.034;
14:17:40;233.0;1659327461;95.354;95.444;91.797;93.01;
14:17:41;234.0;1659327462;95.315;95.391;91.795;92.954;
14:17:42;235.0;1659327464;95.273;95.388;91.76;92.919;
14:17:44;237.0;1659327465;95.268;95.412;91.716;92.878;
14:17:45;238.0;1659327466;95.229;95.445;91.626;92.879;
14:17:46;239.0;1659327467;95.235;95.431;91.613;92.857;
