Time;Seconds from start for linreg;Unix Time;ch1 po2;ch2 po2;ch3 po2;ch4 po2;
13:31:15;-2.0;1659324677;99.414;99.334;98.225;98.661;
13:31:16;-1.0;1659324678;99.408;99.288;98.24;98.674;
13:31:18;1.0;1659324679;99.387;99.304;98.255;98.671;
13:31:19;2.0;1659324680;99.339;99.301;98.212;98.657;
13:31:20;3.0;1659324681;99.301;99.304;98.223;98.624;
13:31:21;4.0;1659324682;99.331;99.276;98.244;98.587;
13:31:22;5.0;1659324683;99.355;99.239;98.307;98.579;
13:31:23;6.0;1659324685;99.37;99.208;98.3;98.61;
13:31:24;7.0;1659324686;99.362;99.193;98.288;98.597;
13:31:25;8.0;1659324687;99.336;99.193;98.214;98.54;
13:31:27;10.0;1659324688;99.343;99.215;98.169;98.474;
13:31:28;11.0;1659324689;99.313;99.21;98.139;98.43;
13:31:29;12.0;1659324690;99.302;99.188;98.1;98.455;
13:31:30;13.0;1659324691;99.285;99.139;98.081;98.413;
13:31:31;14.0;1659324692;99.283;99.123;98.033;98.438;
13:31:32;15.0;1659324694;99.274;99.146;98.029;98.4;
13:31:33;16.0;1659324695;99.283;99.146;97.986;98.407;
13:31:35;18.0;1659324696;99.245;99.143;97.99;98.409;
13:31:36;19.0;1659324697;99.248;99.112;97.929;98.394;
13:31:37;20.0;1659324698;99.216;99.109;97.895;98.416;
13:31:38;21.0;1659324699;99.228;99.1;97.759;98.332;
13:31:39;22.0;1659324700;99.184;99.085;97.755;98.308;
13:31:40;23.0;1659324702;99.185;99.101;97.723;98.221;
13:31:41;24.0;1659324703;99.17;99.085;97.731;98.246;
13:31:43;26.0;1659324704;99.171;99.073;97.62;98.253;
13:31:44;27.0;1659324705;99.159;99.03;97.625;98.266;
13:31:45;28.0;1659324706;99.077;99.015;97.684;98.258;
13:31:46;29.0;1659324707;99.063;99.019;97.751;98.217;
13:31:47;30.0;1659324708;99.031;99.007;97.625;98.192;
13:31:48;31.0;1659324710;99.081;99.001;97.517;98.123;
13:31:49;32.0;1659324711;99.072;98.946;97.442;98.058;
13:31:51;34.0;1659324712;99.079;98.921;97.445;98.052;
13:31:52;35.0;1659324713;99.003;98.872;97.453;98.039;
13:31:53;36.0;1659324714;98.968;98.845;97.42;98.013;
13:31:54;37.0;1659324715;98.921;98.8;97.413;97.936;
13:31:55;38.0;1659324716;98.978;98.788;97.313;97.919;
13:31:56;39.0;1659324718;98.97;98.792;97.293;97.918;
13:31:57;40.0;1659324719;98.979;98.771;97.226;97.91;
13:31:59;42.0;1659324720;98.923;98.734;97.206;97.863;
13:32:00;43.0;1659324721;98.912;98.695;97.13;97.837;
13:32:01;44.0;1659324722;98.871;98.665;97.094;97.805;
13:32:02;45.0;1659324723;98.895;98.628;97.053;97.767;
13:32:03;46.0;1659324725;98.895;98.576;96.966;97.73;
13:32:04;47.0;1659324726;98.884;98.546;96.925;97.722;
13:32:06;49.0;1659324727;98.866;98.537;96.85;97.687;
13:32:07;50.0;1659324728;98.841;98.534;96.847;97.643;
13:32:08;51.0;1659324729;98.807;98.528;96.826;97.599;
13:32:09;52.0;1659324730;98.758;98.498;96.765;97.589;
13:32:10;53.0;1659324731;98.712;98.499;96.746;97.591;
13:32:11;54.0;1659324732;98.698;98.484;96.685;97.588;
13:32:12;55.0;1659324734;98.678;98.475;96.665;97.589;
13:32:13;56.0;1659324735;98.678;98.396;96.604;97.56;
13:32:15;58.0;1659324736;98.679;98.359;96.57;97.543;
13:32:16;59.0;1659324737;98.667;98.338;96.545;97.525;
13:32:17;60.0;1659324738;98.638;98.348;96.462;97.556;
13:32:18;61.0;1659324739;98.616;98.324;96.489;97.5;
13:32:19;62.0;1659324741;98.57;98.285;96.429;97.45;
13:32:20;63.0;1659324742;98.55;98.233;96.446;97.383;
13:32:21;64.0;1659324743;98.486;98.191;96.328;97.346;
13:32:23;66.0;1659324744;98.467;98.164;96.348;97.353;
13:32:24;67.0;1659324745;98.429;98.155;96.32;97.309;
13:32:25;68.0;1659324746;98.395;98.143;96.349;97.304;
13:32:26;69.0;1659324747;98.36;98.15;96.308;97.278;
13:32:27;70.0;1659324748;98.367;98.119;96.306;97.293;
13:32:28;71.0;1659324750;98.35;98.095;96.248;97.3;
13:32:30;73.0;1659324751;98.29;98.074;96.234;97.238;
13:32:31;74.0;1659324752;98.215;98.062;96.209;97.18;
13:32:32;75.0;1659324753;98.215;98.032;96.167;97.145;
13:32:33;76.0;1659324754;98.201;97.971;96.148;97.123;
13:32:34;77.0;1659324755;98.172;97.965;96.117;97.13;
13:32:35;78.0;1659324757;98.103;97.963;96.076;97.086;
13:32:36;79.0;1659324758;98.119;97.969;96.001;97.055;
13:32:37;80.0;1659324759;98.079;97.939;95.998;96.991;
13:32:39;82.0;1659324760;98.103;97.928;96.013;96.951;
13:32:40;83.0;1659324761;98.101;97.889;96.008;96.946;
13:32:41;84.0;1659324762;98.119;97.884;95.971;96.915;
13:32:42;85.0;1659324763;98.078;97.835;95.906;96.887;
13:32:43;86.0;1659324764;98.044;97.814;95.927;96.799;
13:32:44;87.0;1659324766;98.03;97.765;95.9;96.752;
13:32:45;88.0;1659324767;97.987;97.753;95.885;96.726;
13:32:47;90.0;1659324768;97.95;97.738;95.82;96.763;
13:32:48;91.0;1659324769;97.921;97.73;95.789;96.77;
13:32:49;92.0;1659324770;97.913;97.736;95.777;96.742;
13:32:50;93.0;1659324771;97.908;97.697;95.652;96.671;
13:32:51;94.0;1659324772;97.888;97.646;95.561;96.642;
13:32:52;95.0;1659324774;97.854;97.607;95.452;96.607;
13:32:53;96.0;1659324775;97.808;97.622;95.503;96.605;
13:32:55;98.0;1659324776;97.753;97.599;95.49;96.596;
13:32:56;99.0;1659324777;97.757;97.55;95.493;96.635;
13:32:57;100.0;1659324778;97.748;97.499;95.428;96.604;
13:32:58;101.0;1659324779;97.729;97.478;95.373;96.599;
13:32:59;102.0;1659324781;97.704;97.47;95.305;96.547;
13:33:00;103.0;1659324782;97.676;97.464;95.275;96.538;
13:33:01;104.0;1659324783;97.65;97.458;95.238;96.486;
13:33:03;106.0;1659324784;97.628;97.444;95.243;96.46;
13:33:04;107.0;1659324785;97.591;97.402;95.201;96.487;
13:33:05;108.0;1659324786;97.562;97.405;95.162;96.488;
13:33:06;109.0;1659324787;97.542;97.369;95.126;96.468;
13:33:07;110.0;1659324788;97.528;97.363;95.096;96.41;
13:33:08;111.0;1659324789;97.572;97.336;95.068;96.408;
13:33:09;112.0;1659324791;97.581;97.324;95.023;96.386;
13:33:11;114.0;1659324792;97.55;97.306;94.999;96.417;
13:33:12;115.0;1659324793;97.443;97.294;95.048;96.374;
13:33:13;116.0;1659324794;97.424;97.283;95.074;96.354;
13:33:14;117.0;1659324795;97.445;97.274;95.022;96.246;
13:33:15;118.0;1659324796;97.503;97.223;94.91;96.206;
13:33:16;119.0;1659324797;97.463;97.205;94.844;96.183;
13:33:17;120.0;1659324799;97.446;97.16;94.834;96.219;
13:33:19;122.0;1659324800;97.418;97.142;94.817;96.22;
13:33:20;123.0;1659324801;97.367;97.118;94.79;96.226;
13:33:21;124.0;1659324802;97.326;97.125;94.715;96.174;
13:33:22;125.0;1659324803;97.304;97.134;94.686;96.11;
13:33:23;126.0;1659324804;97.281;97.137;94.624;96.096;
13:33:24;127.0;1659324806;97.276;97.087;94.614;96.071;
13:33:25;128.0;1659324807;97.251;97.06;94.582;96.087;
13:33:26;129.0;1659324808;97.235;97.048;94.584;95.998;
13:33:28;131.0;1659324809;97.18;97.078;94.559;95.955;
13:33:29;132.0;1659324810;97.152;97.069;94.508;95.895;
13:33:30;133.0;1659324811;97.137;97.03;94.38;95.889;
13:33:31;134.0;1659324812;97.098;97.003;94.342;95.89;
13:33:32;135.0;1659324813;97.052;96.979;94.338;95.918;
13:33:33;136.0;1659324815;97.027;96.959;94.403;95.863;
13:33:35;138.0;1659324816;97.027;96.923;94.3;95.826;
13:33:36;139.0;1659324817;97.04;96.905;94.156;95.733;
13:33:37;140.0;1659324818;96.986;96.899;94.108;95.732;
13:33:38;141.0;1659324819;96.96;96.891;94.106;95.68;
13:33:39;142.0;1659324820;96.955;96.852;94.082;95.647;
13:33:40;143.0;1659324822;96.987;96.831;93.996;95.618;
13:33:41;144.0;1659324823;96.982;96.808;93.933;95.631;
13:33:43;146.0;1659324824;96.905;96.799;93.951;95.605;
13:33:44;147.0;1659324825;96.88;96.782;93.9;95.576;
13:33:45;148.0;1659324826;96.863;96.74;93.847;95.518;
13:33:46;149.0;1659324827;96.847;96.726;93.772;95.519;
13:33:47;150.0;1659324828;96.841;96.69;93.742;95.488;
13:33:48;151.0;1659324830;96.816;96.651;93.755;95.503;
13:33:49;152.0;1659324831;96.808;96.628;93.73;95.448;
13:33:51;154.0;1659324832;96.723;96.601;93.656;95.402;
13:33:52;155.0;1659324833;96.68;96.58;93.607;95.386;
13:33:53;156.0;1659324834;96.635;96.535;93.549;95.393;
13:33:54;157.0;1659324835;96.673;96.517;93.512;95.383;
13:33:55;158.0;1659324836;96.653;96.518;93.448;95.305;
13:33:56;159.0;1659324837;96.634;96.513;93.432;95.274;
13:33:57;160.0;1659324839;96.574;96.483;93.414;95.225;
13:33:59;162.0;1659324840;96.529;96.468;93.396;95.215;
13:34:00;163.0;1659324841;96.555;96.46;93.378;95.186;
13:34:01;164.0;1659324842;96.536;96.445;93.365;95.193;
13:34:02;165.0;1659324843;96.551;96.416;93.345;95.161;
13:34:03;166.0;1659324844;96.469;96.365;93.273;95.13;
13:34:04;167.0;1659324846;96.455;96.341;93.232;95.084;
13:34:05;168.0;1659324847;96.401;96.306;93.17;95.065;
13:34:07;170.0;1659324848;96.405;96.268;93.154;94.973;
13:34:08;171.0;1659324849;96.371;96.241;93.102;94.951;
13:34:09;172.0;1659324850;96.354;96.227;93.121;94.931;
13:34:10;173.0;1659324851;96.347;96.239;93.016;94.915;
13:34:11;174.0;1659324852;96.316;96.206;92.996;94.907;
13:34:12;175.0;1659324853;96.34;96.177;92.895;94.847;
13:34:13;176.0;1659324855;96.292;96.132;92.946;94.881;
13:34:14;177.0;1659324856;96.27;96.112;92.863;94.879;
13:34:16;179.0;1659324857;96.23;96.109;92.831;94.842;
13:34:17;180.0;1659324858;96.216;96.085;92.789;94.791;
13:34:18;181.0;1659324859;96.233;96.086;92.785;94.756;
13:34:19;182.0;1659324860;96.212;96.05;92.785;94.737;
13:34:20;183.0;1659324861;96.215;96.05;92.751;94.726;
13:34:21;184.0;1659324862;96.156;96.012;92.692;94.692;
13:34:22;185.0;1659324864;96.128;95.998;92.619;94.677;
13:34:24;187.0;1659324865;96.097;95.989;92.567;94.675;
13:34:25;188.0;1659324866;96.052;95.956;92.529;94.607;
13:34:26;189.0;1659324867;95.999;95.93;92.506;94.582;
13:34:27;190.0;1659324868;95.959;95.891;92.46;94.542;
13:34:28;191.0;1659324869;95.971;95.877;92.374;94.577;
13:34:29;192.0;1659324871;95.966;95.827;92.294;94.555;
13:34:30;193.0;1659324872;95.964;95.756;92.239;94.539;
13:34:32;195.0;1659324873;95.934;95.715;92.283;94.471;
13:34:33;196.0;1659324874;95.937;95.691;92.258;94.423;
13:34:34;197.0;1659324875;95.926;95.695;92.207;94.39;
13:34:35;198.0;1659324876;95.904;95.669;92.13;94.35;
13:34:36;199.0;1659324877;95.856;95.654;92.075;94.314;
13:34:37;200.0;1659324878;95.834;95.622;92.062;94.266;
13:34:38;201.0;1659324880;95.801;95.598;92.049;94.227;
13:34:40;203.0;1659324881;95.799;95.587;92.095;94.208;
13:34:41;204.0;1659324882;95.788;95.575;92.09;94.165;
13:34:42;205.0;1659324883;95.771;95.549;92.037;94.128;
13:34:43;206.0;1659324884;95.749;95.511;91.979;94.106;
13:34:44;207.0;1659324885;95.724;95.488;91.924;94.093;
13:34:45;208.0;1659324886;95.722;95.473;91.923;94.088;
13:34:46;209.0;1659324887;95.68;95.435;91.922;94.083;
13:34:47;210.0;1659324889;95.635;95.388;91.904;94.075;
13:34:49;212.0;1659324890;95.616;95.362;91.878;94.052;
13:34:50;213.0;1659324891;95.619;95.368;91.884;94.004;
13:34:51;214.0;1659324892;95.617;95.363;91.858;93.964;
13:34:52;215.0;1659324893;95.569;95.36;91.818;93.934;
13:34:53;216.0;1659324894;95.533;95.367;91.733;93.922;
13:34:54;217.0;1659324896;95.516;95.34;91.688;93.898;
13:34:55;218.0;1659324897;95.546;95.299;91.665;93.896;
13:34:57;220.0;1659324898;95.507;95.205;91.629;93.84;
13:34:58;221.0;1659324899;95.462;95.205;91.667;93.801;
13:34:59;222.0;1659324900;95.403;95.179;91.636;93.759;
13:35:00;223.0;1659324901;95.418;95.176;91.59;93.757;
13:35:01;224.0;1659324902;95.419;95.135;91.544;93.727;
13:35:02;225.0;1659324904;95.383;95.107;91.563;93.689;
13:35:03;226.0;1659324905;95.358;95.098;91.506;93.658;
13:35:04;227.0;1659324906;95.333;95.04;91.488;93.634;
13:35:06;229.0;1659324907;95.393;95.035;91.444;93.617;
13:35:07;230.0;1659324908;95.359;94.967;91.442;93.555;
13:35:08;231.0;1659324909;95.315;94.947;91.382;93.519;
13:35:09;232.0;1659324910;95.286;94.906;91.358;93.46;
13:35:10;233.0;1659324912;95.264;94.901;91.36;93.458;
13:35:11;234.0;1659324913;95.256;94.907;91.297;93.419;
13:35:12;235.0;1659324914;95.178;94.822;91.261;93.417;
13:35:14;237.0;1659324915;95.184;94.808;91.193;93.406;
13:35:15;238.0;1659324916;95.148;94.755;91.134;93.413;
