Time;Seconds from start for linreg;Unix Time;ch1 po2;ch2 po2;ch3 po2;ch4 po2;
15:17:32;-1.0;1659331053;99.428;99.478;98.546;98.962;
15:17:33;0.0;1659331054;99.455;99.463;98.522;98.969;
15:17:34;1.0;1659331055;99.443;99.438;98.549;98.932;
15:17:35;2.0;1659331056;99.497;99.401;98.496;98.888;
15:17:36;3.0;1659331057;99.518;99.383;98.449;98.843;
15:17:37;4.0;1659331059;99.505;99.399;98.439;98.817;
15:17:38;5.0;1659331060;99.452;99.399;98.452;98.814;
15:17:40;7.0;1659331061;99.431;99.399;98.43;98.794;
15:17:41;8.0;1659331062;99.411;99.328;98.376;98.758;
15:17:42;9.0;1659331063;99.401;99.294;98.357;98.722;
15:17:43;10.0;1659331064;99.357;99.257;98.332;98.677;
15:17:44;11.0;1659331065;99.364;99.242;98.363;98.666;
15:17:45;12.0;1659331067;99.373;99.265;98.308;98.664;
15:17:46;13.0;1659331068;99.397;99.265;98.252;98.722;
15:17:48;15.0;1659331069;99.38;99.277;98.173;98.714;
15:17:49;16.0;1659331070;99.377;99.246;98.114;98.683;
15:17:50;17.0;1659331071;99.363;99.213;98.155;98.608;
15:17:51;18.0;1659331072;99.372;99.182;98.133;98.621;
15:17:52;19.0;1659331073;99.316;99.139;98.125;98.625;
15:17:53;20.0;1659331074;99.307;99.161;98.072;98.656;
15:17:54;21.0;1659331076;99.281;99.127;97.964;98.633;
15:17:56;23.0;1659331077;99.296;99.136;97.874;98.579;
15:17:57;24.0;1659331078;99.281;99.099;97.833;98.522;
15:17:58;25.0;1659331079;99.271;99.115;97.889;98.444;
15:17:59;26.0;1659331080;99.301;99.109;97.916;98.443;
15:18:00;27.0;1659331081;99.273;99.112;97.914;98.422;
15:18:01;28.0;1659331082;99.27;99.118;97.892;98.444;
15:18:02;29.0;1659331084;99.229;99.122;97.879;98.451;
15:18:03;30.0;1659331085;99.202;99.11;97.848;98.425;
15:18:05;32.0;1659331086;99.177;99.1;97.788;98.414;
15:18:06;33.0;1659331087;99.121;99.082;97.753;98.409;
15:18:07;34.0;1659331088;99.125;99.066;97.734;98.356;
15:18:08;35.0;1659331089;99.155;99.036;97.692;98.336;
15:18:09;36.0;1659331091;99.158;99.003;97.626;98.25;
15:18:10;37.0;1659331092;99.194;98.988;97.59;98.265;
15:18:11;38.0;1659331093;99.201;98.988;97.594;98.275;
15:18:13;40.0;1659331094;99.231;99.016;97.59;98.321;
15:18:14;41.0;1659331095;99.16;99.019;97.546;98.271;
15:18:15;42.0;1659331096;99.118;98.994;97.559;98.193;
15:18:16;43.0;1659331097;99.084;98.939;97.52;98.146;
15:18:17;44.0;1659331098;99.097;98.881;97.53;98.168;
15:18:18;45.0;1659331099;99.081;98.854;97.47;98.133;
15:18:19;46.0;1659331101;99.087;98.863;97.46;98.041;
15:18:21;48.0;1659331102;99.055;98.87;97.451;98.002;
15:18:22;49.0;1659331103;99.041;98.876;97.391;98.042;
15:18:23;50.0;1659331104;99.024;98.834;97.387;98.057;
15:18:24;51.0;1659331105;99.012;98.837;97.326;98.049;
15:18:25;52.0;1659331106;98.962;98.816;97.332;97.987;
15:18:26;53.0;1659331107;98.958;98.788;97.332;97.986;
15:18:27;54.0;1659331109;98.97;98.745;97.28;97.964;
15:18:29;56.0;1659331110;98.965;98.724;97.255;97.932;
15:18:30;57.0;1659331111;98.9;98.749;97.133;97.873;
15:18:31;58.0;1659331112;98.901;98.734;97.16;97.823;
15:18:32;59.0;1659331113;98.922;98.695;97.129;97.812;
15:18:33;60.0;1659331114;98.899;98.655;97.107;97.793;
15:18:34;61.0;1659331116;98.864;98.631;97.047;97.781;
15:18:35;62.0;1659331117;98.779;98.634;96.99;97.728;
15:18:36;63.0;1659331118;98.806;98.632;97.012;97.731;
15:18:38;65.0;1659331119;98.786;98.616;96.994;97.722;
15:18:39;66.0;1659331120;98.822;98.576;97.009;97.744;
15:18:40;67.0;1659331121;98.781;98.558;96.956;97.727;
15:18:41;68.0;1659331122;98.773;98.562;96.927;97.72;
15:18:42;69.0;1659331123;98.792;98.55;96.883;97.685;
15:18:43;70.0;1659331125;98.822;98.51;96.826;97.658;
15:18:44;71.0;1659331126;98.828;98.483;96.815;97.641;
15:18:46;73.0;1659331127;98.779;98.474;96.729;97.594;
15:18:47;74.0;1659331128;98.749;98.49;96.724;97.544;
15:18:48;75.0;1659331129;98.697;98.469;96.743;97.476;
15:18:49;76.0;1659331130;98.718;98.478;96.779;97.48;
15:18:50;77.0;1659331131;98.678;98.426;96.777;97.525;
15:18:51;78.0;1659331132;98.704;98.421;96.706;97.508;
15:18:52;79.0;1659331134;98.643;98.397;96.689;97.491;
15:18:54;81.0;1659331135;98.644;98.397;96.643;97.456;
15:18:55;82.0;1659331136;98.619;98.363;96.531;97.489;
15:18:56;83.0;1659331137;98.654;98.336;96.476;97.463;
15:18:57;84.0;1659331138;98.616;98.299;96.511;97.469;
15:18:58;85.0;1659331139;98.596;98.297;96.54;97.424;
15:18:59;86.0;1659331140;98.562;98.285;96.542;97.419;
15:19:00;87.0;1659331142;98.537;98.307;96.425;97.381;
15:19:01;88.0;1659331143;98.494;98.283;96.448;97.426;
15:19:03;90.0;1659331144;98.435;98.274;96.361;97.382;
15:19:04;91.0;1659331145;98.43;98.244;96.353;97.338;
15:19:05;92.0;1659331146;98.401;98.217;96.272;97.25;
15:19:06;93.0;1659331147;98.425;98.171;96.263;97.281;
15:19:07;94.0;1659331149;98.403;98.138;96.197;97.255;
15:19:08;95.0;1659331150;98.349;98.108;96.211;97.182;
15:19:09;96.0;1659331151;98.297;98.081;96.214;97.153;
15:19:11;98.0;1659331152;98.306;98.066;96.189;97.155;
15:19:12;99.0;1659331153;98.301;98.054;96.073;97.189;
15:19:13;100.0;1659331154;98.263;98.042;95.945;97.127;
15:19:14;101.0;1659331155;98.229;98.018;95.89;97.054;
15:19:15;102.0;1659331156;98.215;98.021;95.862;97.019;
15:19:16;103.0;1659331157;98.227;97.997;95.916;96.99;
15:19:17;104.0;1659331159;98.215;98.006;95.9;96.977;
15:19:19;106.0;1659331160;98.259;97.98;95.877;96.94;
15:19:20;107.0;1659331161;98.242;98.002;95.862;96.926;
15:19:21;108.0;1659331162;98.231;97.972;95.903;96.889;
15:19:22;109.0;1659331163;98.156;97.914;95.982;96.845;
15:19:23;110.0;1659331164;98.105;97.868;95.896;96.794;
15:19:24;111.0;1659331166;98.059;97.823;95.824;96.756;
15:19:25;112.0;1659331167;98.039;97.841;95.717;96.713;
15:19:27;114.0;1659331168;98.069;97.799;95.739;96.731;
15:19:28;115.0;1659331169;98.064;97.787;95.75;96.708;
15:19:29;116.0;1659331170;98.038;97.784;95.72;96.688;
15:19:30;117.0;1659331171;97.977;97.797;95.7;96.644;
15:19:31;118.0;1659331172;97.954;97.81;95.706;96.634;
15:19:32;119.0;1659331174;97.953;97.783;95.705;96.62;
15:19:33;120.0;1659331175;97.904;97.758;95.713;96.579;
15:19:35;122.0;1659331176;97.867;97.734;95.691;96.598;
15:19:36;123.0;1659331177;97.83;97.692;95.622;96.549;
15:19:37;124.0;1659331178;97.839;97.705;95.563;96.547;
15:19:38;125.0;1659331179;97.79;97.674;95.522;96.501;
15:19:39;126.0;1659331180;97.791;97.671;95.521;96.552;
15:19:40;127.0;1659331181;97.769;97.656;95.457;96.529;
15:19:41;128.0;1659331183;97.769;97.663;95.434;96.501;
15:19:43;130.0;1659331184;97.726;97.682;95.383;96.504;
15:19:44;131.0;1659331185;97.68;97.661;95.348;96.466;
15:19:45;132.0;1659331186;97.655;97.64;95.213;96.449;
15:19:46;133.0;1659331187;97.629;97.622;95.236;96.365;
15:19:47;134.0;1659331188;97.604;97.594;95.256;96.349;
15:19:48;135.0;1659331190;97.593;97.568;95.27;96.326;
15:19:49;136.0;1659331191;97.588;97.516;95.14;96.268;
15:19:51;138.0;1659331192;97.551;97.474;95.042;96.242;
15:19:52;139.0;1659331193;97.48;97.465;95.021;96.21;
15:19:53;140.0;1659331194;97.475;97.463;95.018;96.24;
15:19:54;141.0;1659331195;97.496;97.484;95.019;96.209;
15:19:55;142.0;1659331196;97.525;97.472;95.041;96.183;
15:19:56;143.0;1659331198;97.476;97.478;95.016;96.108;
15:19:57;144.0;1659331199;97.436;97.439;94.976;96.079;
15:19:59;146.0;1659331200;97.402;97.397;94.925;96.082;
15:20:00;147.0;1659331201;97.316;97.373;94.936;96.12;
15:20:01;148.0;1659331202;97.265;97.331;94.869;96.12;
15:20:02;149.0;1659331203;97.179;97.323;94.818;96.122;
15:20:03;150.0;1659331204;97.183;97.29;94.793;96.073;
15:20:04;151.0;1659331205;97.131;97.296;94.815;96.061;
15:20:05;152.0;1659331207;97.109;97.272;94.81;96.038;
15:20:07;154.0;1659331208;97.061;97.257;94.817;96.05;
15:20:08;155.0;1659331209;97.093;97.23;94.808;96.021;
15:20:09;156.0;1659331210;97.083;97.2;94.75;96.006;
15:20:10;157.0;1659331211;97.1;97.171;94.687;96.007;
15:20:11;158.0;1659331212;97.066;97.174;94.665;95.996;
15:20:12;159.0;1659331213;97.029;97.19;94.729;95.969;
15:20:13;160.0;1659331214;96.963;97.175;94.648;95.965;
15:20:14;161.0;1659331216;96.887;97.132;94.622;95.962;
15:20:16;163.0;1659331217;96.873;97.06;94.533;95.905;
15:20:17;164.0;1659331218;96.862;97.039;94.605;95.845;
15:20:18;165.0;1659331219;96.859;97.019;94.589;95.796;
15:20:19;166.0;1659331220;96.846;97.025;94.539;95.778;
15:20:20;167.0;1659331221;96.792;97.007;94.446;95.764;
15:20:21;168.0;1659331223;96.715;96.984;94.403;95.765;
15:20:22;169.0;1659331224;96.647;96.945;94.394;95.731;
15:20:24;171.0;1659331225;96.62;96.918;94.336;95.703;
15:20:25;172.0;1659331226;96.632;96.892;94.28;95.672;
15:20:26;173.0;1659331227;96.624;96.883;94.229;95.699;
15:20:27;174.0;1659331228;96.579;96.85;94.247;95.676;
15:20:28;175.0;1659331230;96.537;96.845;94.177;95.651;
15:20:29;176.0;1659331231;96.512;96.851;94.156;95.591;
15:20:30;177.0;1659331232;96.483;96.857;94.098;95.516;
15:20:32;179.0;1659331233;96.487;96.848;94.15;95.489;
15:20:33;180.0;1659331234;96.431;96.819;94.04;95.487;
15:20:34;181.0;1659331235;96.412;96.795;94.009;95.505;
15:20:35;182.0;1659331236;96.333;96.745;93.938;95.448;
15:20:36;183.0;1659331237;96.333;96.709;94.023;95.356;
15:20:37;184.0;1659331238;96.282;96.676;94.019;95.306;
15:20:38;185.0;1659331240;96.28;96.679;94.012;95.313;
15:20:40;187.0;1659331241;96.229;96.68;93.979;95.291;
15:20:41;188.0;1659331242;96.284;96.653;93.942;95.282;
15:20:42;189.0;1659331243;96.279;96.617;93.914;95.236;
15:20:43;190.0;1659331244;96.271;96.599;93.882;95.213;
15:20:44;191.0;1659331245;96.192;96.609;93.821;95.162;
15:20:45;192.0;1659331247;96.133;96.621;93.817;95.139;
15:20:46;193.0;1659331248;96.102;96.582;93.753;95.189;
15:20:48;195.0;1659331249;96.105;96.525;93.752;95.189;
15:20:49;196.0;1659331250;96.077;96.508;93.706;95.188;
15:20:50;197.0;1659331251;96.041;96.503;93.728;95.075;
15:20:51;198.0;1659331252;96.002;96.521;93.723;95.01;
15:20:52;199.0;1659331254;95.986;96.497;93.705;94.938;
15:20:53;200.0;1659331255;95.97;96.503;93.681;94.911;
15:20:54;201.0;1659331256;95.939;96.423;93.705;94.883;
15:20:56;203.0;1659331257;95.884;96.396;93.656;94.907;
15:20:57;204.0;1659331258;95.876;96.336;93.607;94.91;
15:20:58;205.0;1659331259;95.822;96.345;93.554;94.92;
15:20:59;206.0;1659331260;95.856;96.283;93.558;94.848;
15:21:00;207.0;1659331261;95.823;96.256;93.562;94.874;
15:21:01;208.0;1659331262;95.812;96.248;93.543;94.909;
15:21:02;209.0;1659331264;95.781;96.257;93.534;94.95;
15:21:04;211.0;1659331265;95.747;96.27;93.5;94.922;
15:21:05;212.0;1659331266;95.717;96.237;93.49;94.888;
15:21:06;213.0;1659331267;95.678;96.217;93.42;94.831;
15:21:07;214.0;1659331268;95.647;96.178;93.354;94.825;
15:21:08;215.0;1659331269;95.668;96.197;93.284;94.785;
15:21:09;216.0;1659331270;95.632;96.194;93.346;94.74;
15:21:10;217.0;1659331272;95.627;96.173;93.354;94.684;
15:21:12;219.0;1659331273;95.636;96.105;93.332;94.667;
15:21:13;220.0;1659331274;95.625;96.076;93.257;94.679;
15:21:14;221.0;1659331275;95.591;96.055;93.262;94.636;
15:21:15;222.0;1659331276;95.504;96.076;93.271;94.594;
15:21:16;223.0;1659331277;95.491;96.074;93.273;94.578;
15:21:17;224.0;1659331279;95.494;96.068;93.269;94.568;
15:21:18;225.0;1659331280;95.506;96.035;93.256;94.503;
15:21:19;226.0;1659331281;95.472;95.988;93.212;94.446;
15:21:21;228.0;1659331282;95.467;95.965;93.149;94.386;
15:21:22;229.0;1659331283;95.443;95.914;93.17;94.362;
15:21:23;230.0;1659331284;95.429;95.87;93.138;94.322;
15:21:24;231.0;1659331285;95.345;95.853;93.127;94.338;
15:21:25;232.0;1659331286;95.326;95.829;93.031;94.347;
15:21:26;233.0;1659331288;95.341;95.818;93.047;94.348;
15:21:27;234.0;1659331289;95.364;95.774;93.03;94.323;
15:21:29;236.0;1659331290;95.319;95.777;93.019;94.283;
15:21:30;237.0;1659331291;95.28;95.771;92.965;94.255;
15:21:31;238.0;1659331292;95.241;95.742;92.916;94.184;
